5916354
5729905
7512040
6897870
7733130
6407599
71214
6680109
6430217
6494602
6355790
1025250
7984760
5205176
6172170
6558346
6870356
5803419
5942594
3330518
2538995
272139
6413680
6338540
6688105
3426304
7197381
6238203
7505905
3922013
7140645
2713088
22993
6519365
35944
1431895
6733195
1318051
2930569
7544596
1025639
6882515
5177455
2650131
2951252
297817
6260059
2323238
3768958
997097
2250428
6271033
3725995
283932
7301742
2772260
6254327
7633310
3913723
7543010
3469947
48557
284685
6351770
7538354
277890
7508038
6413727
55452
239855
4736970
5725942
7398503
7171174
2387591
6647872
448722
5465145
6491617
5069145
7405413
6268694
6267461
7508006
3342883
6263095
23355
257717
1492612
5700977
1230482
3735202
279961
7504930
39199
7935735
6825577
2249277
6226751
33623
3123363
6118511
2858406
4515666
5296958
7501238
704682
2361709
1181124
1584073
16997
7515204
3358967
4583360
7176377
2879081
7126622
7231848
3815012
6339767
4496253
6873773
6013500
6023667
3204904
7982814
6435809
289459
2643588
3730214
6257950
6093947
906844
3943789
4128643
7126590
1222702
7175992
3652016
2248327
4850148
6492484
7776991
3618773
7633465
7008286
455817
5958392
3024206
3413211
6355864
7502945
3591016
306885
288572
2387452
7440495
6049152
2546282
2540131
2245067
7537745
260064
3912829
6833244
2359806
6294023
416973
1449413
2543888
7404673
250296
6355523
2298173
3918880
3202260
2539775
1690639
280268
2012925
1887343
4628984
1311833
2641817
6492343
5806391
1096506
71487
266591
3919541
4012971
7803171
296463
73523
5753244
6337852
3259802
5204258
6651368
2016888
4646510
3436465
7386361
3312755
41823
1690482
6423874
6514437
5610346
6483486
28899
3620215
6868912
8015817
592042
2325778
6713370
4264722
2033194
6658914
954823
7791827
4079762
1331525
6678618
3910463
452218
424876
5164514
7227661
8015528
296254
7987249
2203582
7394068
7171167
7392079
7734286
27889
4500646
6898462
304781
1879947
6418376
6124646
4208490
60680
2954124
7971996
6436437
2315258
284473
1873133
6229209
7113169
6113191
3823535
1322397
7155588
2243673
321249
6013063
7523953
6342163
7926854
7110455
1363410
5346629
3734063
304328
1747951
6008761
1506692
1092779
6256978
4300645
3735372
322883
3185033
3402570
3335406
294995
3399645
1360540
1725607
44463
6240769
7180922
1868206
4665876
4939774
1909021
7440189
4662739
4529667
1600304
7212946
6220482
1148335
6630731
1140878
6432501
3447008
1095869
6336354
6426191
5851967
6270704
3921366
6869655
7504791
6343097
5557484
1887360
3311058
3372093
7181164
7501062
2273779
1030146
6425363
2752904
6409139
1182617
6898102
6662600
5360475
875955
5782827
5851890
7736386
7401901
2545997
23527
2565990
5162347
506460
7734386
1092984
6246590
7227458
7113713
6345752
1519849
2710559
3822087
4017424
48293
6083719
1198914
238843
2107538
283040
51870
7170621
5643635
6421832
3737826
6248075
6511064
4133471
6867742
22621
7383272
4919048
3823072
3135721
6475507
3401923
4500783
6123980
1094114
3185175
6256305
4977833
6866236
5698436
6351746
3096752
3144520
2249576
50952
291909
7927556
6541061
2648356
1920432
6413335
7229247
7113370
6432489
6722150
6909942
6414314
7798864
2258252
7493493
7438676
6123747
3394376
6238485
7211602
6417540
3444587
4700053
4902723
3921803
257322
7004954
4335502
2772955
7508546
7163289
2642464
2683657
1122556
3921042
19910
2012697
6437532
249592
3816022
3402366
4495066
3142727
3910002
2218396
5850625
2286998
5624898
2081540
4500390
7735830
6662051
3728470
279825
3109711
7437748
1092544
2956407
7174344
7008289
3309212
305391
306574
6503932
6495857
7390153
260544
7515858
69401
6953175
3684888
2451539
3273704
4211685
327006
7236645
6262941
3620065
3152734
7839501
2882355
3142884
6365951
4870383
7229640
1151811
1545477
7112915
57496
3652061
7110988
5282483
3434103
7211657
3736223
3428662
2416191
6255737
7512022
3596365
1114157
2459473
7222606
6530036
739184
6231770
5735934
6508462
6877423
7184494
1789238
3912418
256685
7503359
8013339
1815728
7493904
2684427
6648480
6506984
2611975
2400061
6525073
2769280
2984363
2712675
7500947
2293240
7512434
6874182
1017945
19491
2644610
2214268
2644904
3232669
3200975
6694762
2910783
6116224
7222691
6427614
634993
6124858
7803572
5674306
7386337
6440197
323675
7502935
6220936
7436122
4011450
580459
2042296
241982
6651457
7910892
1894535
6305042
4401050
7520444
4501156
6262761
3908657
7501050
6344194
20754
8018358
2298052
6242144
7227273
460258
887142
7438665
1365299
61746
2543103
6899149
3820316
6435077
67510
27577
7393279
498168
2273387
237890
472094
315802
51651
1886802
7544108
5754707
3818733
3204816
1642348
1166942
3312589
1284782
5902873
6241211
6655310
5448782
292221
6863324
7520068
7444418
6346827
3428517
2957959
6655667
7183216
7127786
2795110
3023651
7114487
7191461
7735150
3184172
6220556
6498621
2649102
7195040
7733271
7503210
806892
6412145
4170301
416233
5738215
1362445
274311
6503412
5288568
4496665
5899248
321476
4600665
6243425
1450183
7936489
3522844
2388142
2724276
6381657
2273030
7409423
1095119
2361740
3824210
7440726
1962023
6079896
6064239
1417495
6866140
7114011
3428618
6878212
2255144
7227408
6439628
6907420
4663398
3130105
3122439
6013552
5698251
2012900
2406097
3821228
6241209
3122420
1890731
7382084
5756636
6264584
7706564
7798563
4663659
3823138
6426402
3166065
6269507
1190441
5747837
7736076
6406907
7952241
268201
7394806
6447673
3921701
7471634
2545215
6124127
4132349
2244653
6125997
7448502
3131514
3906447
6038043
5825552
3730983
6520248
3723327
3461970
6224897
293744
7164414
6354538
3728203
1887389
2799001
5831866
2942502
247359
1089365
3688478
8013239
1723744
3730989
2713635
2449390
2658265
7231048
1893780
246713
2952670
2940642
6414571
6074335
1867925
7539142
1096422
2034011
16682
6488742
1273637
28087
2541872
770162
6504624
5711368
7544851
6973253
662597
5066353
3352670
7377017
6146256
6238151
6229520
7736193
6866292
6430530
1023740
3303908
7380355
4759495
7230810
2648783
6897938
1855220
2377626
6223990
5747753
6435321
3818735
6236913
6415209
3911760
6236448
3906601
68684
6418364
7393121
1938818
2358653
66170
6663936
3916625
6917096
7111604
5681904
7734674
759306
6336860
7163775
2912514
7191421
6345459
2323045
6654757
2276569
3818720
34978
6506817
3393160
68028
4529565
6267390
3915157
244860
7397061
6870877
6665708
7384934
6898679
69790
6434348
5379858
6091409
6696658
6336095
7070791
5096587
6089845
7377560
6524217
7544281
6526935
3204038
7442205
3408699
2956571
6248440
7394553
858630
6491243
3315210
3160549
898498
5455400
7543163
6432340
4501729
6125745
3311037
317919
6431419
6646401
291461
6521836
5839813
3915406
7501420
2892826
6226445
2954973
304345
6514126
631018
59050
3405504
2111515
7792208
3821802
3651497
7163512
680494
7794266
4499474
3736603
7383979
2542723
7408286
7521018
7522286
945720
6796775
3923529
51207
3287334
7507034
7384053
7474826
2546064
6519445
7152344
2015286
3178490
8017938
7706568
7177048
2639921
6842750
7380388
7503527
7380841
6504312
6234810
7513374
313722
7839431
63740
7383449
4736827
6228194
1893638
5488319
6666166
3818611
1232733
7226910
4396765
2867284
2307989
6263908
5940649
2016950
7540750
7817538
5372080
5152646
3426419
464588
2358942
6347475
6258961
6238543
249521
3912095
2891684
58154
263059
7519916
2375967
324239
2253742
6264812
4397550
6505849
1927442
3403341
7389660
1349846
6874036
2848661
7803451
6365886
6083730
6263934
6421219
6107351
3731668
6355728
4235682
6363023
3730096
1467607
6102533
1904370
7504110
3205051
7285201
3559996
7167512
21679
4890821
3312800
7392379
3923564
7137186
2541599
5008960
4817049
4500356
7211526
603450
328612
6653176
6523073
6414291
7403022
954648
5101472
6522618
3919761
2541511
5927388
263515
2661945
69613
2993524
3164470
1140177
4256359
1955146
5903668
7112199
19680
6349207
6504308
6239727
2647043
7164316
3618834
7502664
6365950
3723823
3726289
1638587
2956996
7736712
266567
1024352
6102289
305616
828562
6242788
4012958
3154872
7035418
7502769
20394
6343510
3331702
3333898
2694561
7197616
2774610
7733734
5168487
6115844
1047601
5915404
6246158
6427922
7228310
3409032
6342176
2175947
6658316
2910208
6273501
5938795
5223693
3918747
3204121
3982089
735876
6416978
4016420
7241134
2254530
6260803
5165776
1740882
4497636
7194954
6407086
3818348
6247552
2374133
6253636
7227742
6357618
5846315
6412131
312389
7735866
2647293
7177373
6604257
7186715
6529562
1474221
314035
1723604
6887151
7112734
1970135
6527091
2862491
1862555
2811728
7155293
6265339
4266644
6425449
2943363
7180362
6511252
6646991
2542534
4582669
6123865
3374788
4717597
2518561
3129494
3919903
6651899
7150445
29767
2953816
298858
4009393
6831296
6409253
6440106
6522465
7513433
4788028
6252807
280401
3734264
6846863
242102
310654
6342955
6336092
7735734
2488103
3724151
3528176
6048876
6265989
436637
996930
249620
6508966
6436715
70724
3204036
5824743
1219344
57803
6254756
7793006
1256772
7443745
6230169
3312240
6245652
6654402
1728495
7549138
6870057
66052
6870959
761855
3287139
6274157
3817996
6863420
2647320
7993947
7514052
6656872
7514384
2769253
6234068
6255487
3916419
5389456
2760278
6491450
6657755
7173011
5296303
6547899
1761480
7509653
6236402
7382684
6659308
3264745
2534584
6002179
1028267
2663528
3415443
6740545
6128433
3818319
7735576
7173043
7873803
7400254
60520
6435242
3413245
2255633
6427250
7510312
6956370
7473449
5752895
3619393
7735561
5907703
7235934
6421689
6511407
7168857
6264105
6123109
1039951
3355350
2359310
6419287
6839419
7387380
2082
1886617
5193397
6170579
325262
404173
3446957
2395968
294072
6647402
7383225
2314838
3223013
58079
7504470
2158317
1346637
6713522
3142665
1438547
327616
3732140
7137289
7375995
4758440
6655628
2548052
4666011
5585365
7191083
7503361
3763345
6501948
4529716
4013740
7383885
3308381
6244687
6337391
1950675
6265886
7390038
6663183
3732708
3920825
3393145
64346
7776822
3509526
6812019
58638
308661
2451467
3162175
7377042
273725
3391811
303366
6248591
6232489
6273635
3454796
2548277
7442441
2821057
6805729
519108
499895
257753
7110461
2203868
656772
3086289
16303
609041
953312
3636243
6240642
2176627
6242291
1024500
3310257
6437736
3342831
7382100
7519696
1026949
7198681
5828713
7562933
1209987
5143876
5827461
433598
7892581
1886350
3905168
6427146
2504151
3619663
6252050
2728630
6235525
6265586
2646919
6082909
2537847
6237548
5886482
6049093
6268958
4876410
2798985
6653079
4878979
1725292
7132095
6434185
1103048
3178528
2343812
6898267
27746
6525204
2753329
1769786
250574
7497993
6662250
5171301
3328521
5842832
3380564
5001167
6411762
3916283
1043533
2915036
1105463
4519861
1029924
295011
3448931
3915333
25691
6864720
1028092
249006
3172191
7134719
3000656
2244627
7513144
293306
5099672
284535
7378370
6861501
7112849
2820675
7737741
858942
3348084
3312898
6664014
3916744
1397686
1359
2583059
2569287
1318632
6256982
3722271
3730277
4761427
7364734
682048
3847206
6233726
6508434
6431798
3619944
6125161
2063035
7376199
1961519
3728676
3178579
7394046
7231024
3024077
5332584
7539680
4905781
18051
3888109
2984391
6869591
6497483
261678
6429127
7375040
6069064
7324659
2664950
7442091
258615
42732
7520549
7171909
6344358
2891703
6253654
7521130
2247997
7186185
2390798
5325044
2359854
3620109
6527938
247669
6429261
6494597
24961
4011673
7827998
5937083
2360111
37131
5848369
3688417
7401410
7155101
4012615
7510321
7518447
260088
2544632
7552190
2451346
2275917
289687
256858
67744
2640474
1662038
427759
7511723
1747540
2751835
1892
7117392
3249375
6497245
1094458
1629430
6347966
7505688
5744382
3904220
2318363
2643380
259051
1224904
6049260
6557654
6352692
6653791
6422852
2643068
262793
7392244
4630413
6374369
7913518
7231221
5519742
7197434
6345735
295632
5497097
6910380
7537514
6661711
3129632
1874036
5799546
5858559
6653806
6519085
4494157
6898672
7212485
6222302
7989488
7505495
2396243
2234092
5733751
288389
6349152
7401241
5737349
7374598
2258996
70893
4523359
6419006
4493264
6413450
320423
257478
6516686
2644429
3329674
1823543
268653
7182897
1523867
52621
6890577
415514
6436850
7172377
2663578
2559840
5916486
3734329
6255361
6772078
5187113
6823347
6416128
1387730
2492239
6249278
18725
6342250
1435860
7516556
6665519
6211851
6079535
2872216
38738
2837936
7387630
5241155
7114216
6424160
2273768
3915621
320609
6507410
7516519
4942316
2892330
3738534
7520234
59768
3202398
7505750
320683
6663684
2537107
6788730
3908441
5839950
7735076
5894442
7182087
3464861
7510584
249577
710746
3521259
6118427
2867094
3821780
3731624
6243535
4666504
682139
7164327
6339726
1126758
5757840
5817311
7156770
5937812
3464296
680931
6004012
6298033
1886228
5535379
243437
68448
1858714
310686
6272226
67720
32103
6223264
803289
5095082
3916767
5067936
1343445
1840427
5139652
2549479
2233740
2243034
6899153
6528723
5257338
7222726
882704
6513020
7156915
7143069
2647624
6651929
5381544
3730109
299690
6495452
6355705
7199988
7953612
2538664
6260727
3372032
5716357
5823038
1570570
3565869
3045262
6350144
6269354
2854835
2387419
1047147
6440562
6869255
2235882
1103251
274806
6649757
6358221
3354144
1273520
2747593
7382465
6520455
6742773
296001
6432949
7510380
3205223
2836189
6247871
6498724
4493751
312416
1332080
6165276
2542891
243578
4012147
1172533
3358888
1138349
1946029
3200471
3157425
5514019
7377593
5736249
5568103
3913850
2911966
4527284
2711912
3903209
2198655
4012751
6492752
4638690
6256632
6417409
6229618
3908364
305640
3259635
2644258
2762488
1020595
1801800
3766067
1552922
2544961
7383252
63387
3725554
7386932
6868216
6576642
6650998
7397483
6236168
6527243
2645716
6233362
7817675
6432615
558499
3905946
2469755
6495115
274811
652537
7176492
243953
6575994
7985941
6245373
6126682
2772410
6266932
3823330
6710718
4027572
6439021
1493323
3819495
6661550
7168262
6932369
6526109
3903133
738182
5523300
434830
6741618
6358494
6263385
1126004
7167604
3348164
6244524
4570983
2858851
7150105
2610595
6421585
6257721
2123564
6649484
63599
2639824
6118898
3702793
6841094
6494516
43673
2648294
3970826
3099834
1886415
5170108
6354984
6337563
6434863
6258839
272619
3733373
3727547
707750
7508597
3356423
6611019
6495269
6268543
6351577
3087519
2537974
5975283
1029472
6435195
6257199
7734743
6501896
1332077
3287412
5834495
3818621
6510965
6513413
5187843
7540815
6227623
6802735
3619451
7384694
5324948
7156890
5739212
5482897
3825502
6272808
2783412
3920393
2755296
316777
7132531
7259443
2540912
3916821
6237664
4300693
3930916
6069088
1837999
1923232
7383806
7112432
7504134
3690714
1762141
1580370
69321
2955607
6666835
6251483
6869088
18483
7218417
7377559
55044
7185592
1847445
6348874
1348038
6519590
7130214
6013230
6221246
4440503
1886580
5906031
7543432
6577450
2253363
6849359
1961265
6516993
388296
7473888
2851629
243739
3053032
1870908
2014030
6255576
2745265
8007066
4014152
6736476
6117939
4715803
5643720
1029084
6650352
3953981
3329663
6353940
6498489
6869412
1094403
6656321
4752706
6516891
1963362
6898155
6228467
1804112
2765289
1919359
2377636
56437
3737361
4328675
7212514
7404335
3360206
6420774
63364
3871224
6659620
434750
7538515
2264985
4501609
7179252
45046
6506933
1916881
5252819
17863
6821974
241993
1044422
6823494
7514105
6655597
2985998
6335444
4062814
4016949
2209646
7112038
6246072
6427068
970152
6123854
7240144
7131589
7179376
773385
3725001
251588
6664199
6412751
2881845
243960
6669965
410911
6511637
41589
2782444
6339346
2565885
5812152
44760
6222488
1422364
7235334
2045770
6123789
2244565
256483
7194178
6418110
6507206
6256236
5322346
1886100
6685320
6660510
2546126
1662867
7732734
6610879
3428534
7513751
4341002
2240429
6501551
6412139
288132
3199599
4395629
7136687
3726062
25703
6067781
2488472
6426948
3071039
7408511
6227826
7392074
6257159
7539918
2376654
3343213
6435079
4665315
6357410
7394930
737331
248589
53749
283093
4513789
7228509
3983824
6078538
6268403
6620671
7503235
3473881
297158
7116760
5850755
3311938
1094572
2375888
6505788
876040
5916746
6824756
7436217
7731614
7734669
6520627
48177
2034597
6898109
2891373
461179
2892886
3732581
5090047
2276579
1029826
682219
7502444
4666283
6502504
2044929
6345753
3821021
7633037
5110283
7281271
7929425
7970561
6270161
7633341
6226650
7205538
6264431
20895
2264605
6970448
4695243
7169539
5909782
7733937
2044594
1096157
7736195
7441837
66302
7240329
3058019
7375209
5496151
7515673
251362
6397712
1632044
3917757
2892953
7170136
6519312
3721573
4529490
3442327
7440128
284466
1661528
7404871
6896515
6343293
393816
1963040
2208517
5828376
7737021
290420
4665068
3438608
5733755
263950
2362225
6230958
7387564
2274055
2955045
6656230
6229367
6515400
7392280
289693
4496103
5500571
7872095
7516033
4495627
5509264
4980133
5829172
8013653
2742058
2203673
45141
5143856
7227570
2561914
2631785
6648952
6433791
7127521
7380115
1934832
6710866
6174347
7231102
2543129
6123299
2630219
6221031
3908470
249462
2373970
3825311
5757946
6989068
242814
7241070
6123656
6343367
7111752
7179357
259206
7182990
5377870
6531833
250614
7396942
182250
7159469
6498028
6649631
3734317
7155212
3911109
3913515
6652554
7230336
6440378
3358890
1850253
7401728
2431116
6255034
2241145
7117423
7161335
5975589
3870897
6346061
6521012
6049016
4013819
4427121
7178561
6512874
7503863
3880932
2095572
3313545
6354897
7169813
7734407
6240527
7131303
6437153
1771157
2323534
6236636
3921316
2868083
3912879
6557611
1955115
6243800
7470499
50892
2952099
2107473
3909342
246434
6728559
6728658
3354511
6502636
3903966
7517282
6507834
6348769
7177568
6252200
5835837
7088840
240625
7506136
2645095
249136
6348610
6522501
1877483
5938147
7780249
7391565
3824285
1005362
6263067
7400757
6351575
293625
5598742
6489871
2033917
4700042
4663783
7385213
3442506
7405124
2055186
7010758
3712088
6267612
6496332
2954481
5009629
7290633
6062365
6438198
7544787
36387
2407901
6664223
2970607
4497221
3826633
243006
5823233
3655927
7410049
7517268
39922
6433634
491918
5748003
6665552
5629354
6266251
610041
6258930
7494455
3907509
3911266
6871255
6692459
56762
2640146
5852141
6255831
296501
7394929
6120476
2563067
6271966
4433684
6231449
6411889
2539231
1584535
3959610
7734319
3161677
2641490
2641544
7221755
6064305
6528966
3727121
64963
6126369
3181253
2835727
5852812
5607255
2111643
5696011
2759069
1421851
7173641
7791677
5588689
7474483
5901312
56104
4013490
318021
4515620
3419524
3522021
7510524
3330889
3287404
7111728
283757
6504986
7538037
2080
2538256
3409073
2053899
544660
6655789
6108336
4828672
6225877
299044
3560978
7010715
42054
313747
3619294
7131238
6274672
6343879
6228183
286642
3911383
321140
6531290
6437777
2952140
6491527
1879712
7405513
908640
6343482
2111911
294873
7390264
6123286
1887341
6676876
6494583
17073
6503318
7143883
7395563
7407163
6246328
310504
7134472
6892289
3824081
679830
6694792
6425314
2360852
2255408
7222727
3426287
3142648
7493305
2015221
6417456
5693985
3131757
7174811
6265172
6687596
5000860
522378
7240058
1394264
6879997
7398550
3133587
7736503
6420191
4665750
5851991
3533757
7892126
7519544
3819880
5009568
7501539
2057827
2360940
4999306
7175640
6513730
7544366
6884519
7260487
6660691
4512546
6429689
5853824
2548960
6226310
3158737
6266967
2374844
7464469
3202344
7379243
3060894
7212912
6677541
59884
5340357
7438552
257310
7505436
274331
3911600
300330
3820604
1816771
2861915
3562467
252568
3907486
2958765
6430111
6593383
5436831
3563611
2063338
5620224
3909392
6910192
564410
2476500
43553
6349523
7737775
1611563
1495905
3636067
3164431
7930281
256070
3605386
6836690
2957965
31462
3727517
3201148
3598186
6676931
3184018
67135
1886938
7160011
627359
1186903
6221830
5553334
6517924
7114236
6357846
5752211
6225768
7438405
16406
1629138
3917493
6515183
6409271
6262214
307909
6645834
4905029
3734433
1860637
5272724
3919028
323638
5290692
3310227
7503873
6939466
296599
5915277
2626834
619803
5736214
4665902
2549089
6239055
6349305
3731521
6810352
1839626
1126370
6249821
38359
2542084
3819515
7510517
7731980
3387680
5758333
6269096
6411563
6890436
4665905
3910854
1722527
5657592
5332137
2571379
478159
5753570
5009456
2538036
5735664
6676091
6511530
6425131
982664
6547088
6529576
54513
2253857
2026914
295365
3904094
7989595
6733457
434652
1153970
4645451
7843793
6040349
4630240
2026886
5260877
7502380
20718
6263633
268128
5694022
7442515
6663769
3727889
2957975
47335
6342901
301669
3581486
7518955
7144220
1933582
7136933
267167
6062371
1898147
3332663
63082
6416615
3152850
6342666
6064992
248997
2400151
6815387
6525847
277264
32169
3208121
6867809
6492367
7406399
3738890
276725
7258506
495494
4593868
2648532
256970
1164854
2744945
5418420
3913440
2210885
26243
3738193
7306663
6228391
7239977
7544081
2663073
307435
410549
4624555
5467667
6582498
6516575
4016485
6656518
1454451
7732861
16281
2833228
2359014
4999744
2234896
296865
7222137
7405177
5916040
2952583
6407263
2547694
63220
3099056
7979489
6256721
5649381
5042270
7183842
6235325
6650122
1780575
7766241
3185563
7508715
2032584
1122514
7230088
2248931
2425781
5293407
6269998
3155839
7440683
1024696
26387
238256
5434213
7392125
6430663
6513385
5817621
2542248
6272976
3637920
5213792
242877
2301559
3921373
3920650
3970871
2540971
251176
2297307
63532
2496832
6659748
4501660
7378121
5160950
7070263
6410780
2360292
6435427
6815068
7923599
3563960
703422
7942716
6439442
6491750
252169
3426319
2245912
7139704
277104
4756001
6410170
3636190
7180626
1133343
7512558
6849005
2663355
7226616
6842870
7149783
270105
6347268
2335228
2549751
4539174
4497427
6439622
7518753
6250189
7167739
5259148
6796708
2111494
37159
2300648
6665460
6651722
304748
6776601
322195
6417809
7367703
7405555
2451496
1886300
7114286
6654188
7981372
7408736
2820901
5852250
6417538
2203051
4497383
5849435
6220654
37859
7984937
3181237
6343375
7395892
73892
6821771
2002537
250194
7506655
7474097
48923
3618767
5252828
6408287
2396004
6898276
3818336
7510630
6256004
7512824
6876061
4666965
6423583
1025489
3875880
6235614
6676638
7230917
6422327
6260496
7471770
5848621
3736210
6511616
2880586
2951551
2628946
5113533
6501887
6256546
7870192
3178317
21938
7438401
6476542
6651865
2782490
5036701
7834173
296410
7163858
7540203
73743
5732901
5938345
7582716
2541333
6515744
1141474
7513755
6269143
19078
1026315
2111917
6497990
1096108
2567870
2240773
285986
8026583
2360974
7473394
3905867
5378744
7382768
284810
46589
330528
6255467
4728692
4494115
5828785
2592946
6518735
2249812
6342141
3064271
271809
1955019
2538897
5829231
256597
1419062
7143862
7126635
4664248
5292779
3909634
6496284
3912129
3045611
7511941
786758
6661172
5849974
7510940
6406765
1159914
6426922
6656747
3724036
7127711
7517063
7170831
273605
2402679
6514974
3001212
516747
3486587
3598204
6272288
7196595
35330
775358
4013942
6238808
7111363
3402583
3126734
2510448
5640483
6767317
1268811
7543978
57202
3728318
5747013
4013853
6430529
6687838
6521520
6254454
6435261
1800043
7409639
6868833
1331185
1789182
2461355
7164542
6349389
7397072
2951883
297738
2545391
2251298
2716008
6420508
289587
529918
6252330
2611955
6248215
2955625
6249898
1098254
5839658
5850411
6227528
258426
5768797
8005430
288123
6229502
2572814
7113082
5694028
6415943
5958227
6659437
6429385
3735659
5135023
2735471
3820998
7374817
2857154
59515
8011404
3994950
299897
7402289
18638
2539566
4665785
6812059
6338695
6473457
2007468
7771197
1029285
5737601
6796674
6654553
5502570
4161140
7501154
24118
1989613
1497661
6354842
6124487
6336866
3914784
6220279
3736942
3723751
4910091
56536
4134440
37965
7185994
258878
274291
6917076
7342578
3915417
1541493
3910289
6649261
6263299
7984779
6870445
6823361
2541502
5640432
6089435
290307
7214697
6408100
7406504
2362203
2856464
5758094
3396732
6265119
34505
6251787
6429878
6884290
7513453
5386406
6257471
3914479
259115
6413033
6242405
3185389
311519
4665637
5786094
7176024
4667273
7492546
682443
3821332
50236
7167630
291733
17760
291525
273042
7123027
280354
5357075
6231887
3378996
4761399
7439253
6231942
46102
6687903
6230362
7474598
4977844
7473755
6893336
324617
2144568
6503180
41794
2663122
4015385
262154
539275
1024268
7401684
1635496
2322760
6491737
5734474
3359698
64597
1272501
295756
6151006
5062417
6232010
3444101
2721506
47425
7442027
7123671
7501464
3201859
6343818
6652988
7182366
1096003
3904107
7126184
1839523
6873227
6716094
7183062
7217721
7411271
7925997
6512824
5374433
7130905
2111417
1030596
7521123
2290324
515598
258493
3619892
3906399
6496053
2842285
785626
6849281
3820528
6422407
7803820
255166
7120530
7897738
6268721
6256202
6947022
6658607
3024379
6646630
3826371
1323930
6426487
2248287
2111882
3824949
270810
318127
7008293
2406399
3201688
6780547
1102450
7378676
3914974
2544432
255363
3738871
3729738
3470551
7126818
5129540
7977976
6498490
7532022
3726790
6252839
7231740
6528905
5227254
3819327
6653089
6812261
7540016
6048302
6503748
1229116
7395411
3822985
3312842
3908853
2280422
24809
15894
2474687
3184966
6528194
7789266
6432423
5733005
5155531
7183749
6243337
27152
7397592
5832571
2241619
2809083
3913689
3912260
3823108
7127086
7989036
6224362
52495
6510897
4014464
7150352
680165
258932
5485431
6258223
7395526
6500662
6271722
6255523
1929135
7393417
28198
6502263
2313718
434894
2230398
3989442
1063634
2376423
7439465
2407182
6731790
2812062
7859583
2240252
6111043
6869428
5190881
7731788
5265824
6092595
43276
6263202
313271
7236739
7556457
2185509
6530871
5767553
1605619
2235773
3330538
6512242
5848449
5819400
7173497
3631402
1954542
1868086
6350779
2592808
6243640
3426355
2033771
3921785
7222286
2641351
2962737
7183738
1328220
4910909
6867748
2249556
40316
73611
6781708
3200398
3837097
6416840
6069165
1876653
2235969
7737462
5737250
7393541
6872771
5730917
3330485
5641521
5257142
7114281
6651175
37624
3826375
7448914
272522
3911567
3024055
2643283
6226016
6427457
3177216
6248912
3908466
4663415
6264191
6257594
6064941
7396530
6254181
17518
6272978
463036
1122628
57518
7174233
7388414
6666024
7218315
3909788
3188859
3915499
2665150
7764406
6931199
2915939
346968
7231084
4013070
6414747
6434518
6250066
3312564
2484980
6521427
3287174
2273380
2641236
6407534
1092508
7544011
6507726
534169
7214489
6653198
3915237
241122
4015803
6350051
3696699
2539932
7396795
6861792
7156713
7232302
268108
663084
6439706
6228827
6157173
7401030
7539210
7143555
6120659
2243154
3619438
6226252
3001961
70812
510989
7230190
5270078
2276006
6427051
6490933
1823301
266339
3821121
5940842
7163360
7733152
2891451
6884810
6124250
1092848
9590
6427992
3178481
3919830
52620
5852216
6118369
1732499
6498952
864508
47258
2136093
6920751
7443574
6099765
293723
386512
3730971
6691463
38235
5992339
7178888
6651791
1127756
6676094
7217467
6338658
7137026
5746091
3970774
7190879
6496298
5461291
2279423
5748342
6501844
3061927
6526791
6406686
6912613
6352396
6440214
7834397
1438081
7496838
6410713
6728479
7397491
2649770
6845025
3151273
26713
5737369
3909839
2540933
5845893
682211
285407
3364626
7149968
6305991
2042737
53156
954366
268547
6927845
3415288
3524865
260991
5852640
7186207
2123527
3125320
4134188
7214236
2014265
7117705
885698
682084
3738490
7732190
3723179
6029152
7394803
6657803
433510
7515727
3881462
2580703
7112309
5747859
5725906
7171565
3183953
5168422
5746656
261173
6493491
3733921
6260916
271477
245748
6652911
1892659
6258067
6500369
6683535
2765464
6660246
6262532
5336037
3729633
3907708
6416873
6340546
307481
2401232
6902877
27449
5852638
6434313
2986139
6347334
2640980
3871298
6790235
1449407
4666218
3858684
6069098
311320
5833196
58015
4664347
2094796
5904773
6432070
6428335
3824991
5193448
43755
7231732
6123350
4135001
320307
3733957
6342625
7382923
6259149
2026562
1934831
7113647
7164272
3211823
4017064
3494985
6896273
5732015
40123
6417768
58402
6437094
1837964
7544058
6806515
4388225
6102566
7143523
53052
3822755
3989632
3967598
261200
2956398
3494953
7357049
5992932
7168833
1261987
6500622
4011938
1837767
3903701
7108626
3938751
1147170
1556175
3158681
242092
6268688
6861511
7507585
6255528
6352944
6048942
6663161
6113179
6897981
7171306
5850585
7327917
6498054
4171898
7803422
3619401
6797051
6666461
3636515
7512493
2641849
2892261
5018929
6378924
7521280
4397634
2361417
17302
6416258
6340222
7191456
2275968
1454336
7376533
7190758
5726515
1127968
16666
297460
3431323
6436352
7112608
3291608
312187
301682
3267793
1008659
35620
7117826
6439979
38348
6243663
41140
5450610
7471484
2985994
7383297
4665321
6417466
1093903
4629769
6696557
7789275
6254475
3678367
267162
3024471
2218329
3171887
3039983
6356579
6087998
2288952
7473824
2840109
301121
3563810
7541009
3000849
249990
7131425
8015776
7475852
3200664
7736188
2986934
7381137
6501380
6786084
7439185
2388184
1455033
6202798
5401520
6337213
772924
7492981
3528121
49550
292666
5000888
6341622
6728574
7584300
6509914
6167600
52643
3819837
954120
6259629
5850541
6410729
5150169
681906
5426394
5859787
6646339
6936841
43216
7383491
3402234
6505012
8013262
885597
7111653
6523910
431920
6228494
7438861
6265188
4014111
2641291
1690492
2956760
5725316
6510283
1345488
6849174
6436423
3917733
3618886
3934105
28869
6514918
2719563
3591137
6710538
5472115
7228080
56194
7376476
1386940
241970
4080737
3912588
3185391
311811
2290367
70439
4593580
2095449
7205640
3722106
6236195
6499894
3175047
7117750
1262162
6242793
6125226
3905211
30760
32823
7403604
310399
7541159
1855124
31240
6226464
7401106
1301331
6508647
2709143
291508
1280560
703341
3822090
4753260
7010589
2540850
39079
7836301
6656264
2544749
3135749
2776927
7920846
6419939
7384670
7227810
2882541
6410228
6849219
293168
5736702
1495938
2953109
5828917
3915758
7182153
7540836
6653421
1924964
318090
6269906
7170088
58770
310864
6433149
3916686
2044830
6435916
2891056
1093270
1444225
272121
619722
6490069
7405081
3456978
2543690
3916135
2713705
7736001
399608
7177678
2541093
1954997
1812128
1051702
7504712
1626685
3527073
7733613
7522324
6354801
1874044
6423276
4017392
5038787
5752120
1778521
4715809
7519829
7439315
7520532
3022267
6529431
3310260
7385722
6496513
7143137
682454
269228
6874255
302417
51352
925222
62098
6255451
6583557
1963069
6234874
3118310
7149567
3688572
4214768
7515246
930013
5313555
3910284
2262267
6433972
2250342
7392638
347799
3666004
2375970
7454571
6271670
2719376
1895829
7514072
5938075
6353645
1663042
3733319
6258859
5265820
251736
1192397
6666048
4717275
251854
2736060
7383660
5521338
881163
689567
7508181
30816
6357548
4501008
4015957
7111434
294408
6099534
55061
7442020
6251430
6655526
6654072
2079786
3479117
7155204
7130393
887409
2331917
6501936
3915644
3905442
5218419
1040438
3915138
6236586
59379
570650
2054024
3183335
7375878
7164299
6952944
7470979
7476801
6231655
6412219
2327226
1936534
2182392
6251573
6658382
2892800
7737688
1651134
6770128
1710077
6255736
25427
6436102
6898974
6421638
1026839
3779279
6685438
1543319
2244061
6408010
314243
3061051
5747109
1578547
2248660
42594
6263610
5748386
7157082
6348140
6241596
6351141
1025163
2953241
7070750
433815
7872498
243743
7540207
917741
2549100
7537329
297838
325787
6262584
4496070
2542622
4511826
681956
4094016
6495265
6352094
1867904
6527782
309818
3737014
5217318
5008902
2254496
7159968
7725803
6658310
7508338
4012543
6505130
6126477
2290450
279577
6814321
7382776
2592790
886265
3472362
5825156
3919000
6412525
3449629
4501009
6249698
6871152
7022738
6414381
3917669
2547974
6353466
7511464
6421386
2987813
2200368
5904845
6003735
6085524
7399956
56287
3823885
3619319
248256
3181575
3905597
3722778
6259462
6105938
251581
2270384
2042636
2712880
1372258
6356816
7386318
6349231
4014844
6220461
2469087
6513699
4895065
6334922
5088477
7387780
1564993
7136387
6243998
4493671
5674474
4477633
3170741
5746057
313083
7508146
69521
4597336
1392249
6412872
4500951
15805
6842884
3436621
6347087
7376693
1196192
862978
3737495
6662252
2537635
2550181
5535273
7807989
1886241
4321113
7173085
3905106
5825192
7176876
6272832
6658063
1881872
59418
1286934
3906542
4849995
6614308
6237645
6346825
6825813
1830634
64624
1635878
7383627
2641824
7175782
3597500
7112285
6058265
2828241
6233862
7733385
7283073
818058
2111418
6221594
6647221
954443
6516105
3324302
7113317
2003757
2877937
1866367
6912092
5853192
6618588
3449314
6229712
68896
6427238
7136829
322401
2584562
4687147
3202674
7511788
6005154
4025071
5150348
7397296
6268344
5977941
7179879
4890080
3910004
3319135
5581743
6790195
2547077
5656501
7780260
7399927
4016167
3905489
3185182
2406410
4013949
5225954
4061596
5103518
7733274
6739940
6267665
7472322
2957328
18715
7396788
7537284
3168040
7731784
6838829
2210640
5205126
7155404
6421830
7392179
6088025
2649236
4015445
7157102
5791399
6259546
7539629
7514573
7114153
6243239
2643027
5119054
388653
1895793
2727488
5825731
4015306
6224401
6429260
5702021
4397591
7180353
6574718
7538685
3918596
7493201
2007434
6040163
2720618
4999700
7513664
2438595
5481159
1024871
1638771
3150502
7150332
263722
3575390
299727
6104402
6334649
7736462
7170601
7155148
7194591
7155640
6522068
2322739
3202331
7377795
1506702
6823481
4664240
2308174
2545248
3909038
3738943
395835
6422121
3354513
3212365
3330443
4495776
7381986
3408822
294786
6516560
6267988
1334751
6230188
6671420
6352199
3991445
3726443
2517934
3620227
27822
6664238
7743614
5741191
6803317
247988
2537377
5287384
7520213
6436134
6658212
5966397
1414376
6254022
6871198
6662479
3737490
770432
681206
6504999
2645909
5508031
269349
7395011
6263769
6869311
3403305
4664664
7218432
7542725
3826463
6496267
7375934
6422015
6244074
7444083
6414353
6513674
6421166
7174403
7172998
289567
31644
7169959
456023
4012351
6658030
435251
4827103
4665937
7446781
4087641
3725376
5504299
4497634
5902934
6910082
2892813
6426687
3826171
6651847
6810460
7211872
7517711
2476763
7226768
6532402
1887601
4015493
2056476
2359016
6678208
2952768
6092004
7349380
6824127
6412392
890492
6492991
323560
4728434
2265823
2044985
6490612
2646574
5659220
3573761
3351641
284394
70049
1886183
263537
6493647
7378814
297075
6504296
7514725
7127111
3255402
4501265
7737427
16566
7285006
6415762
755013
7966857
3916579
1140123
7473284
6529503
49433
1503063
2749746
7068862
292927
2026619
6123074
6118918
3613753
7441185
3359974
3618608
1841527
3928194
2208464
6259275
5506618
2323287
7164382
2254936
6765598
1528028
7502446
7432847
6423038
386188
5118447
6428118
6655149
4667163
1994473
6418068
2548802
6233750
7395874
3166180
6247977
2747588
2626820
7471520
6267417
29198
906856
6260807
7743537
1780565
3596678
7191220
6412727
23320
1858721
5745869
2648992
4687861
6528858
6957735
4499830
7240336
6663338
7172116
303883
297102
255667
7170024
60366
1836207
3735374
6656713
7295751
6647447
6229867
6048941
6126834
6492352
6259071
3434359
270020
6343775
4493995
569284
5172589
5820259
7998865
6223043
6439147
5137584
282568
6784085
4501038
3442476
435986
6336055
6511534
6505989
6825814
2541364
286419
70856
7386978
7443430
6231330
7821086
3182099
6355480
5848673
6496617
6511516
5916315
2006397
4502059
2659816
7374743
7120591
1580059
253742
6038067
3826630
7189358
264361
6428373
2273752
6419969
3920585
3200438
6710832
7163280
1798768
1628166
1665939
2854245
6796707
6437053
6335502
7544197
7402923
300278
5874647
318864
1543651
6433665
7510878
2968635
3722829
2218299
2865035
1893665
7440357
7159453
3149183
6501510
6649426
243225
6526510
298441
3820547
7438077
7731679
6134085
7508867
4969830
7401017
4498320
3906985
387557
59114
2044516
3439394
6267242
2633247
2278300
3942760
1298293
3421749
6513536
289372
1027679
7508530
299321
6338937
6494812
2996967
2643498
2729265
3915442
6236388
3726249
8003257
283937
7540315
2033645
6104590
7389015
2057857
6297909
421669
3498639
7228530
7017934
5782902
1306415
3408983
5938102
49701
6263071
7522347
7519894
2427040
7230114
289004
7504413
4121143
3880424
6939481
6831309
36716
3311943
6258350
3154695
6515772
7409864
5002828
3287252
6240857
3919783
6258932
6382283
3903256
3405255
6504251
6262469
6505547
5178588
3444906
4011783
27151
3202031
312473
6258190
5746047
41179
6851554
6356608
54024
6506246
6519233
2549400
3043459
1989609
3910730
282560
7376532
6274605
7520346
6499784
3733453
3738206
7441906
3738930
2210854
41168
3909036
70974
5807421
3824386
6026520
1475469
6785913
6355520
7734949
6869921
286946
3825767
7398956
6510831
2705417
7442321
2852127
372052
6113730
2792265
7403507
3329644
7544390
7388100
7387397
1234984
6741995
3738283
6272477
7111973
3619568
6506686
6271663
2663414
27100
1580206
6336923
7516721
6423558
7410249
3001631
257907
1077020
6944021
916023
3910354
6495869
6357417
2537789
3581463
7383612
58934
958860
5187462
775053
22979
4649878
4133536
6513540
6432130
3439422
7503277
4513715
2013059
5237393
3619152
317053
7306726
4016744
6239632
1092843
3177835
3958930
4915732
3375364
5491735
7356888
6263821
6052870
6262986
2387552
6509103
450752
6655450
803200
2426799
6244686
7292776
6435595
25606
7440055
5746225
6652579
6664990
3395388
4630121
3911455
2912383
308561
3200971
2163043
7298811
5168416
7440001
3207501
6353988
6250273
3415199
5395270
7111043
6799099
62929
5545136
6435766
1025182
6235382
6344969
5342027
1027658
7129653
6675859
6496584
2994742
3123502
6423226
6651981
7932300
2094564
1970166
8003648
5633158
7910858
7235855
1152213
3527235
1988429
2547923
3688473
6250161
3310092
6559124
2361775
6700199
7444145
6346864
3395890
6521207
3448720
2688563
2646809
2543165
6423941
2952416
3826836
6224751
3818131
18105
2618202
6439867
7441491
5158820
2952185
6527904
7439893
6058212
1553307
40878
33405
7155627
25256
7509324
1297076
2644522
276230
2280314
2372786
2642905
6520513
6431472
4753747
7180010
4015549
3386121
2013061
6702177
3904420
456651
6666001
6653078
7803151
7388411
7035399
6253042
59135
7390097
2640596
7666021
2276305
7145960
3238883
7200011
7522032
7503582
7538020
5365692
6509375
3822023
6411247
6576479
6091211
4795906
6085195
5291075
6235811
3689959
6887050
2458613
1042322
441338
5360686
3183535
1779800
7401923
7397086
6506998
3533753
1028723
2331783
7947945
2515248
7170504
3078962
5014249
2969072
3909081
2293193
7421728
6652453
6132422
7385802
6868411
6433451
6178877
2755279
7503846
7409618
2387702
1216457
27754
5754786
2957783
7517022
2026926
7112469
323967
6271195
6498852
3977464
6242429
6873360
7439043
6647379
321960
5948177
2952443
6796480
3908682
248304
66554
7184043
5996661
318881
2642556
2870268
2546587
4502959
1785930
7060006
6688051
7111110
7731524
53376
2297079
6492714
2407920
2645879
6884188
1030017
1024948
254892
4767215
6490164
7539392
5903774
3329565
3879519
6431735
6583692
1604621
4520340
5688164
3918063
65896
3826792
7518412
2648699
7167891
7227755
1256131
2872917
2863131
8015419
2855210
5828485
3867531
6272503
1029607
4353999
1745046
7794575
7150138
6238453
3618865
6048382
4497291
7538911
3804642
2167972
1450699
1025025
7513942
7494181
6514191
7791640
1452097
6920131
7382950
6716128
7404024
3409344
5322179
7183889
6651053
4037045
6240614
6823495
5276172
7409947
6498093
2643069
2360510
6532376
2542742
3489131
7232742
7537824
3726145
7734133
6231261
2011929
4397602
7476030
6438118
3824812
3202151
6426748
4666928
7441392
248316
6341404
6251309
315476
5145105
7441146
7375105
2973774
59525
7771602
18086
2249775
874845
6267154
6338759
1860392
7379874
4926843
244417
6415225
6531459
5809788
2770594
6823803
3422109
435280
5260884
3724956
6242523
55601
71092
3675788
3847274
2953572
5377882
6247297
7436444
2360348
2869146
6267441
3387486
4502901
7954832
2247230
2323063
7519200
3726148
3727698
270384
299910
7392163
4496789
6349390
1028665
7473844
7153002
6510795
5213830
2406377
8013356
6249525
6508857
43052
59625
2505739
3824846
1454330
5445614
1040723
1230530
6651372
3356373
306001
5644370
8001269
703331
3905775
6510664
3912010
5350317
7178396
6578952
6273616
3231282
531887
4499454
680556
5170092
5729450
253770
3148458
3434187
2007375
6407841
2284515
5754391
6429050
2644021
2841201
3908868
7127549
65123
5726492
3144498
6492064
7500926
6866165
1885940
7175513
4013378
323569
52042
2360557
6493482
254906
2249652
7303876
4664414
1446574
679852
7408078
6232402
6515461
953593
1874284
3913663
681558
5011515
772774
5210649
7400399
2234142
7772335
532013
7456661
8002249
5617884
5379843
621957
5325835
6993592
907012
7912188
6860777
488888
7789256
327034
7058430
7008077
266589
67254
2135140
418816
940477
1490267
4009042
50703
327462
6993422
7867204
4846383
2935846
6468369
1509536
5198043
1686265
3254799
240753
639356
5385904
5396867
1824367
4130079
62834
7594603
3503458
552246
1018553
7974880
5355017
6325905
33189
3651720
6361534
6468671
7043261
3957727
1371302
5896352
6042053
3086314
6211747
2520738
544872
6285240
799974
7818233
1883504
4229331
1527782
804278
52784
277524
426955
5168744
268475
238327
3525177
425405
6993432
2903873
527183
65155
694390
5999771
6789062
7934825
565322
6399625
5839460
2737208
3872943
6310180
5045552
5937743
573915
5350139
550931
7023086
560667
792084
277484
42022
3524313
627244
63679
2909531
62569
3154093
281525
2943779
49475
7752718
7919687
6608577
915576
3560464
65700
53262
328996
7868157
5972303
1837947
1215778
33001
415582
5233698
7892881
4245860
6608021
4009259
6301634
36148
5189088
805375
3570081
4009214
321221
1742030
6832644
5803887
5161560
3884971
549303
5924998
7548436
3530610
1466050
6993376
5300971
240738
3486118
250830
329209
34443
28613
739414
5322495
7977028
6579461
1569987
6172030
1386870
7797456
2207617
7867804
3896761
2669698
1331948
478211
3059860
7564621
6195003
402306
4486880
267465
4621199
3596411
6310148
5145662
953912
321065
6406359
5559999
2095754
4869723
1576576
807450
2198598
3760987
3149303
7809741
567956
3651199
4684587
5357933
7416476
552263
3037438
2735301
4571662
4345950
286950
3707698
2908644
27364
6394210
271403
1556476
805365
3562246
6671914
41000
6622121
1920003
240583
3930885
6609467
1972030
6175837
1368459
66957
312829
997867
3859702
51967
3661199
2870171
4731164
5301022
3958680
4009211
29100
6620415
4028491
275909
968133
7273412
4231143
6963979
6209553
6195023
1856660
65313
330531
3555078
894759
266133
413854
323494
2698670
4760774
4540435
305316
36438
3542521
4283837
4862303
7867938
6107036
7923582
53016
6606737
2943813
32256
386024
6468686
243829
31791
4867617
6981641
33826
390200
7206485
7362907
52930
2252902
3246480
58513
243044
7761025
1203277
1634801
839729
6294064
44783
328366
6634492
7646753
5195463
5816164
62916
239472
2128891
3753095
476620
5308204
6310072
277033
607768
4804071
6331936
1400044
7760595
4477280
1010832
5313645
4855687
2682624
3590619
2252255
3955454
4010275
5833957
1159811
318814
6604250
2740858
4185141
3927480
1093356
276791
269693
57926
4626108
4923505
7546350
3496266
7354376
3951603
6791005
2724543
1819647
6980616
6089322
27222
4155623
4009040
40129
53880
72147
2014216
2653186
1502077
639551
1327502
4158492
28744
4630389
5741547
2436064
327527
2044974
3927899
328638
328294
4546515
824183
33892
1165977
5745687
6211677
804041
5215491
698679
7456659
327135
5618423
5147456
5967183
28135
411102
34307
6532914
3866946
318170
4850095
1023846
534212
267314
2004983
2905610
7737646
6865092
2571080
328264
60811
1153866
7799682
7520279
51987
246207
7854233
6209481
308281
5514215
661562
273252
318545
6689597
6361422
5607349
6814209
2674410
6211769
7781132
552255
7349998
6934486
6477363
269694
870514
6199714
724334
1039473
3993422
2838129
6451969
1418058
326714
33783
3346865
2009613
892414
2869134
3764595
4472857
7453152
32550
4904159
6449913
6401359
40686
6205959
3884610
328571
950126
4459955
373045
29101
328905
60460
2488257
67112
3149594
29364
277489
2296720
7733527
2959239
1245085
1465267
7373456
2111873
241153
6376624
6880035
5701395
3100602
274486
326721
1286387
49788
294166
329007
37439
48777
1797925
320446
2580444
7837709
7265050
4540914
903683
2054901
1330008
52849
1406109
4995328
3933022
7731519
53169
70574
5731964
7577522
3241717
32989
73623
5396905
5252325
3975948
244556
5030146
6989021
240953
4576964
4609538
1312591
438582
454439
6803465
667951
3206875
3595699
7353067
237821
328508
33268
1922374
65377
6615713
4630407
65674
2724643
3390288
7912003
237824
434298
1390959
522235
65254
3350844
2803598
805320
3203585
266321
567919
313442
62734
1686016
405092
245658
891151
790721
1494834
2268377
2790240
2716195
271313
267327
5641125
1744908
3133214
290125
3195500
4350323
6885094
4802685
3658058
5241318
39672
6973447
272668
3716026
1464243
1027327
6860135
328742
6639154
2794708
33094
1487814
6303496
3560939
2592811
851131
7934965
681968
7768161
3994993
6622798
6616448
2140637
6888717
3229888
3932901
7356919
282129
7644696
6209243
4770642
6917176
243341
1528252
3958151
68755
6580458
4611836
7919691
805391
1989784
308316
62561
282230
3448767
5817292
265327
2264434
681276
4832996
4441098
1813111
815014
941696
6116171
4009286
7846747
4870450
6704758
4794626
2198173
6076730
29395
1080126
2280194
7697595
836990
6196015
2344097
5325243
59642
39663
7760989
325172
1194851
6039427
1347464
2819800
6208590
2885305
6616362
46802
63094
29678
7975071
3273572
2352527
53337
6129850
750689
5150248
5713287
3525018
2985479
4443280
62997
1655452
1786789
34081
3370848
35072
1651263
37752
1300412
2050712
282457
588294
1923451
7803132
3592686
5516709
6319962
716490
1270798
278019
1445935
6031357
2038554
923788
1334564
7941715
4921998
6993542
8013367
2721191
868731
326872
3592599
73103
326802
326931
5958426
2025467
2163198
268204
1230170
328532
6147493
5694042
43252
240008
3901959
312215
52999
819131
325182
46097
3368305
59467
4492864
7027562
3121927
1293129
7759325
47746
269400
1584122
7717237
27760
250407
2883578
6243823
807549
7432138
6352449
3098800
2060941
328572
6360715
29218
7043681
6579248
65689
4149463
652396
6299908
45450
5736491
916193
3152511
287575
6590277
4427763
4738356
285396
62283
6303737
3122546
6025153
2318043
2755018
63753
5402749
320129
426652
2874443
2454243
3170748
802738
5746385
4132236
256809
7760608
4262613
2588727
6212536
605116
4706605
2579561
39280
322875
3446517
65354
7668024
5352351
293217
2537537
3240666
2916002
7540244
239899
67275
266594
1686177
807522
7132607
433006
275379
300935
47808
4600519
55829
6993672
34189
5800181
67756
329580
3564090
62882
305978
45012
34103
4351068
3488293
3581046
53885
3679177
1823640
2470581
318265
6873371
682464
5270123
3259931
37743
4386931
2027776
710946
277913
804099
1923425
3711891
411023
4262761
45725
1569364
1402378
3994943
6885099
5544569
924130
3364219
2075708
3932522
3928162
4613067
6691420
1346844
7854200
7943108
1114700
39645
4728092
7907389
867820
7354331
1635261
3451864
1585054
4295603
2010166
1398376
3925015
2009081
8021198
2095631
7537714
2575929
2681711
1222171
807591
6525973
6671007
4497227
3258058
6814115
66423
6890467
2758570
1490393
2093470
33004
271621
6005871
6981458
5519803
7388599
53870
5287337
3951919
1693562
1813099
2957848
5975437
1390342
5786121
904285
65682
2539930
2819573
6116754
6617120
735162
680859
434726
1072414
289307
717563
2720868
7876432
907346
2978151
1400540
6926100
6957672
6010871
693496
5352092
1336909
1699884
2030825
893972
7998221
70124
3536221
3930820
40376
7305693
269313
327927
326798
681957
57478
291359
303523
7049903
422499
58360
7027232
737847
288726
2638494
898521
437976
4254520
44185
1565737
241457
244432
4979406
328844
6558366
4009090
1549852
6163565
3877376
5036540
3886830
2166119
4066202
267328
68505
4000800
6213409
3991292
321809
3929987
52839
272258
73442
3936893
51259
5228474
1491973
631396
4646108
2313099
6202736
33000
7894846
6976497
1260714
327964
3902179
4555138
488030
7980675
44438
328161
6016990
3073893
5883113
681336
281272
803284
5397241
892635
1280482
1685756
2936335
906698
3854754
454496
4276210
2030126
32355
4529159
3045653
271957
33176
681887
5726539
286135
329180
873829
286665
6697215
4485571
6692628
1527327
7800200
39407
3927926
4573391
5331829
7841629
276286
4844769
402607
2282048
961995
5189200
748279
2755224
1040561
5448581
36212
2210662
279354
664946
7300937
6605787
5045693
7010170
312934
954389
3005285
2982291
5141903
6310134
885330
73781
321981
4253121
53295
280292
2143062
3465254
326855
44631
6825626
6589173
6713180
5618996
3143717
7366842
5674717
4282473
2717796
3889179
6167889
681284
2884567
3933074
6581080
3728582
29966
1425601
4879936
307307
681071
2402652
931121
2221118
2887350
65233
3664093
3159583
27149
7844494
1671651
671214
270483
5404284
273658
324693
4571685
327873
328809
6058225
1638057
7946413
53691
62843
7637282
250946
1791337
63145
669460
2210534
243688
681944
6616554
5313563
2238946
3949674
802349
329237
1542541
5859957
45724
2187667
6028477
309092
2074895
46004
281156
7792711
6116674
3258552
6385701
410309
5170794
287708
6211335
295338
2719826
1748868
5186417
4350957
26142
242608
6776192
1837488
261562
3928804
2915558
1094884
6616342
3860114
5746122
3718141
55805
2267839
29484
3272857
281692
3382080
4501055
2495073
71738
6574080
6216584
2803530
662611
2893270
1064439
3092492
252117
2958390
3447081
1371783
306433
2764830
7240979
73891
5966539
6333911
7794409
5323480
7793716
1542324
326899
296841
5377874
7434758
2946776
7541556
269288
3496194
807550
37376
6018514
4009196
2520302
6381618
3134488
1851948
3060800
3579079
2958026
3226065
6235679
2093374
328381
3955436
3813040
407940
2423472
2929397
329483
39580
2603962
684036
1855007
3419683
4649682
287103
280767
2256511
288744
7980511
1815556
6017253
1776549
5002649
43844
6897473
279509
2498256
269365
1602331
3729062
273970
3889351
434194
1484768
1126686
4748803
3395420
291894
3931857
65692
1093138
34238
314971
6183624
6456515
327353
6558825
267623
2857256
1096101
32286
5519762
5565062
407996
2779969
8017483
3372686
7431496
43161
4498144
7469953
1541641
1206008
5617579
724405
3860101
5098065
1806418
1401552
4657588
2915532
1334780
4194255
50084
642521
260506
5859949
5867057
619056
5797530
54222
49474
1991966
706675
317889
954230
1328503
73886
3022325
65652
6907609
463348
3801612
3579504
6581092
245941
273514
302544
2107795
6379285
49945
6573995
327435
6317748
1087760
47782
265490
7912087
1364676
67632
297724
3416353
1475677
7848617
34939
1335008
499591
1923427
3028174
7069210
7809739
1103036
285131
5692943
5769683
643267
5320038
272188
354161
5690261
4439291
807387
35024
5636711
267936
243966
295106
2938655
7035442
272437
5788624
5831899
7274149
403876
313513
3453020
286749
2040608
239278
4017160
1137391
3957978
3107868
5648438
3650980
66597
7741037
265611
253380
277210
68615
48113
1416017
7760723
1212732
2879440
6329619
1954422
3050566
6812443
4476846
6582636
6610311
29176
8008195
4401902
5752355
5956053
7127737
807640
2758888
7374470
34266
286348
5672990
655049
3446464
6984963
2537512
57244
1441006
1173249
5095092
6633090
35593
1422121
272312
266549
3581000
6574116
2592717
1062337
311838
7850236
2655145
238717
1544701
665565
1963430
6540702
2318041
282190
6211490
53067
303892
504779
25585
306990
271230
3523518
328278
274103
264283
5287243
3166205
7733975
923028
1702527
6003011
603567
4705136
280251
7493670
6604256
51224
7590449
31846
249860
1848869
2753429
7697593
1686182
6468109
7530682
4740670
6009170
41240
5404276
1640901
805449
240545
2549257
5986860
2057173
7897736
1266420
58163
1594211
1009292
4657568
5902497
961941
6149773
2729250
5699882
1386666
327995
2685887
6956710
4644205
265889
4108624
7376518
6602133
3779593
1679714
6183555
7704420
6176164
2839406
2313127
327324
65262
5681171
4833009
1520134
4731151
6373924
2851554
5222237
1125645
1295341
2140363
6888274
7149508
2985499
5163982
3615944
1698776
3238887
282284
7275342
4515649
3070799
48704
72893
3927931
274743
2635904
7496359
6831646
2385109
6365430
2780742
2861902
5350044
7783990
7342865
6179115
2537934
40508
328780
6825994
1388154
317552
411967
2516083
7451898
3063875
5685559
2758893
65306
34375
3650063
246170
1098274
1029597
3861618
268988
4976846
2755257
2709244
47313
5834856
1299358
3930847
29831
6924313
5648103
1144451
4009239
55214
4723725
2997611
301891
3553372
7566477
5118315
7948871
315325
807002
6608006
3258733
242315
3856413
3093694
681139
4905026
6589825
7129884
245198
67746
4367161
681502
281728
29507
1357008
2264226
1315737
34186
72429
757416
6602162
2329000
6887345
1768977
299245
1627317
6008277
39769
480371
4879505
681164
5353431
1360657
6033632
5650439
629117
47846
2981347
287383
8005899
6294184
2649660
62556
5336946
6534631
2828339
308669
1098113
6936260
63033
318324
2874629
264441
6210618
5860198
327802
282257
2783772
3958664
762148
5322690
5371884
6326208
5203092
3458674
1923409
3125304
6657321
5674356
1474658
278994
2786452
281224
1406335
2727300
1476063
5788584
7070707
1502729
6863226
2826671
329319
3638688
275986
286382
5171894
699992
735298
5241205
3381903
308554
45669
4058758
6710191
251223
3149400
277544
6062397
681619
44909
7538657
5029978
1488828
462886
304923
807478
7742018
5895423
1529861
2673819
3109429
888662
42527
715625
5942607
318231
2272858
3689965
434144
286346
2601779
3273322
5036660
1064415
2953198
7289229
275707
3533904
247439
1319088
33686
265368
593679
7058842
6981642
6989035
297609
707449
434466
5861582
4918138
362734
6029594
6864972
299456
4869831
35282
2238719
731348
7008066
72909
275415
4476845
6577491
3847278
2629522
1134835
307206
410293
6370380
2570359
39644
2956959
7973440
6540696
5036934
775996
2810813
3170633
282797
4691000
5879186
4688724
5333769
7767279
289859
7127325
275381
68627
1792399
4559787
25562
1346832
802747
329694
4496984
2985503
6108125
847140
7131681
6694949
7924214
68764
7543046
2889828
6219722
1786130
3439777
1693362
1923403
2846006
5134284
2438288
274417
32271
2876787
5287356
778536
267197
5481470
5838170
5617823
6445181
1351163
4501204
2898173
6046816
7893534
250596
7769967
2973424
2100007
2097173
935008
300328
4130215
53926
1575253
2318048
48767
4482901
6895989
238268
7834193
5852731
5859954
1262323
843257
6729014
1585400
3861609
322690
60555
3470432
2889426
669618
5095974
3930801
29451
270335
7015383
6312277
437981
3760478
1349571
277541
238578
327566
2894612
317453
7954234
2609428
2759179
552065
2344766
7931822
277027
5838310
744267
2544618
57740
423362
5377059
5108298
875837
278068
2490781
246262
1064376
1521105
4774127
2938697
6662957
4009614
1876139
238622
6236991
307135
4211662
3361320
6003731
4009207
2161517
268228
65806
34234
6570013
5322480
34070
1334196
636736
4321220
296085
2600031
2674422
7927536
5151664
5788287
6599108
271734
639378
52461
1215607
698871
3278079
6311500
2592891
55900
418858
2946547
5666284
4965721
314934
6777673
4680062
3873512
241501
3651237
4555885
46902
1008941
7840893
266378
2883601
7303877
7881382
3958013
271353
5599153
248267
2931704
266582
6907516
28254
7867923
6630945
2957647
4496177
807418
4778907
274719
5768729
3348269
5445815
1640206
1003532
1152182
7860660
1295348
62553
546967
690964
5991349
1690590
3959060
882702
1098203
1901793
311833
6152076
44853
286900
7807060
1478602
48409
6888416
436385
2064964
6020416
55096
391678
306470
320934
389279
255563
460432
299076
6108873
7854236
31814
681841
3916800
255098
7060178
2594169
1089702
5827343
3937490
28621
27928
2802250
3632460
6582562
1778620
1164096
1039471
3928828
5748191
2631999
7334878
253114
2740407
73491
280356
57781
68738
305966
5671855
5918295
51877
238096
1837529
1750352
6043686
275892
2270165
6922405
5729719
750918
1391764
680704
415665
3391214
62748
29657
807269
2346063
1159478
3532843
2673147
5530668
7805674
1095509
5819387
3447778
5746780
247204
3422485
663754
275162
7324247
54667
33697
304028
1127422
3451051
388290
7633148
1475690
7474057
2476403
6907611
276940
5389121
354704
4800304
32079
255522
1485690
281221
6771068
6620749
238525
7542365
3925064
67284
4035469
874037
2920795
7584140
6286462
32751
5833723
3395730
6309996
62708
275232
434364
266546
3272849
66342
7338044
7798582
2942962
1096109
567334
5151224
61289
6311255
2803479
1027780
7319383
5940541
7919650
706085
2050311
4028206
2265809
44999
7523576
7382248
1487426
2559194
7009745
3521930
1365853
3891610
804030
2943901
6384800
6937908
2904262
4474131
1465792
3930378
439463
4940061
2469500
303362
1884538
1415694
4396994
32864
2230315
5368646
4145117
8025928
5069683
270346
707470
292442
2095603
51709
1244345
802686
6577551
742933
680577
682141
617678
6586365
729928
400103
312206
58984
1402161
36564
7261206
4496971
3951535
881785
5374222
6311217
4624359
282566
7561635
1223903
807477
292595
4174637
7308247
34244
4447634
329495
60973
1037732
6765894
39442
681326
265203
805434
6607862
997785
1094861
58965
58331
29840
5796868
5322282
1885183
4808467
7114391
681150
2394141
2168993
4024355
3723761
807099
802652
248042
7816077
898560
38531
3455100
1355400
713344
5736725
656788
71963
3391908
2259599
6974566
7155801
325656
3821185
807619
318759
953558
5367103
259913
6089965
6225677
1256183
3922797
3830665
804063
3243818
7977018
6337866
40494
244021
276067
5833722
251330
6058304
6031316
1820300
3722067
3726095
1749058
681458
3774668
4401961
6980485
4586873
6029304
266926
3461517
1788276
254009
3287277
266469
6993693
1203267
1093283
295965
71306
276635
6056933
2650156
272228
238681
1202211
1853643
47802
249936
5366324
1229172
47795
5165602
63930
4736880
37896
5951601
757409
6195537
2640889
1992027
27277
687329
3135404
1044812
6543246
1825179
3454201
2488388
5797065
789597
46263
7594630
7957839
6021890
29374
3958706
2057870
2002695
6029127
4664029
26636
323686
885491
5828366
7899875
4110491
49749
57925
7917454
5683026
2265281
29585
1164901
328112
7009455
5993918
6211646
252031
1042553
4321378
2722465
454499
6805664
4098167
272403
398546
1454067
5287350
6805045
2545614
242250
7189752
61250
681661
681476
4447584
807395
7324573
7784658
4593696
6457937
2838156
2776512
6697378
2628467
307687
7813801
425407
3402041
7934184
264465
684022
3775160
281027
3684635
289441
4828691
4910903
5749218
5742535
7982355
48842
5776973
6247528
52878
327522
7031101
746472
3998328
3271513
4450284
1126682
2745394
5789370
3385870
347791
275982
39813
7443147
5800842
6682928
1122565
4497379
276820
1116354
2787406
625044
6629155
3932920
265305
6732515
3381381
1879222
6033391
6197810
802578
278269
1545631
1044718
7954669
1334939
4771917
2025084
682239
2735332
53252
6892190
7537337
4497229
65944
5662259
662161
803244
5465337
4991101
5736110
1116363
755219
1885169
282817
2959047
4747327
6120521
7416507
7355948
2640432
656807
6620276
3721313
2463490
3312505
2985329
4519499
6287130
3927531
4386571
3123210
44314
61533
6783014
7833473
2666371
278979
1251622
539503
4494004
716453
250542
6040314
1930555
6019958
805345
52826
7236732
6963918
65375
3831396
472131
324331
266330
29743
40665
735138
5261611
1756806
5930450
1450917
7910959
6384448
6063625
2957260
3311885
323633
5111949
72560
288189
884333
7812080
325173
2060765
2737474
2160726
7434746
7934465
298444
5729862
1475648
3550794
4103962
1529839
3202806
328312
2800048
4010339
6838194
1092341
2451879
310049
804395
3927937
52748
7952411
843960
71915
7923907
5269902
4153693
619917
7383752
53957
3700358
1937143
1956052
49468
244922
5201400
6854306
5788093
289325
6045789
327786
2512854
3109211
3073367
2731632
1464828
2733307
3942272
4430351
2731534
58111
2776944
958844
322186
265595
7040072
1923433
3220798
775406
2580966
6371736
269670
7562927
4264681
3654185
807695
2512935
804263
2487217
67489
60881
4644974
4386568
1634341
915921
6108288
2600724
7734085
7082582
274584
275293
37636
6074226
4008874
4689839
2276608
553035
1228255
270363
3079140
328495
5752151
920285
3623572
4009184
6485903
58099
2721492
5724135
5418240
628312
4159784
487564
2343111
6905964
282421
7487081
2958768
7470052
2880035
3725804
8010890
1062305
953725
1142353
249791
2549566
2537901
2142696
2799085
2484970
1648237
6383614
3272282
7841628
266303
329263
7052224
6112500
34217
6051388
274174
1217798
47587
34003
676297
1820656
288174
775412
662594
5639769
2720478
281387
45009
2416313
42856
6833245
273421
4657583
5648037
2313216
244303
2901120
2852585
3167752
2745778
267309
292540
4945664
3754630
52888
7797462
4926616
3857552
5431995
2454611
1929696
5734252
3758097
1025523
2726515
4021890
5066396
687716
1546942
3547625
1911183
4600290
41092
2454244
2702991
6210044
5200767
3272718
863818
274546
3150548
3836453
238701
6577091
326677
1188584
6683353
2571165
3715176
6627443
6576704
4632159
3866814
434506
3877433
2639599
3382078
47357
7008221
7262524
3930811
29448
6121155
3877644
269820
1782945
2270071
34010
3622599
3753081
4603802
39715
1006002
464693
35731
2833240
7969473
39314
6697424
2568321
773136
292500
6620879
2833305
265370
6727889
1778754
316141
72443
239229
6915885
3909031
3148797
6977456
803221
1847697
4008961
73720
3370610
5445852
1129900
3071682
56317
2436184
33263
4529136
59877
320649
7416510
807493
52376
1383444
534830
3821411
34360
2887797
5945267
545275
5804049
3891205
2644391
7799685
27985
7469922
6616321
6072448
7493119
267265
4665298
3874087
3119347
4379097
328146
2254918
43095
5407186
239822
1533258
5974656
63023
2817686
57007
884363
273291
1536265
3924989
556732
71876
5899426
301313
4870258
4644633
2230305
5450225
3557120
29392
1020631
1801640
3460508
306932
3724606
278148
6681847
5739536
1075856
59144
7443185
2392871
328207
4501732
682065
68291
7031141
243689
3793599
785187
1291575
6713555
891145
63325
6008863
2942441
5986875
72461
269127
272265
48213
5383099
5147448
5825740
4538828
7391111
7593093
1163477
7469856
4864603
258568
1040580
2798716
2837729
3022472
7901281
4663145
4895002
907463
6619785
924560
804074
3930873
6731144
3251000
508347
6389623
1446115
239630
3654012
304363
2747701
954798
6401356
890361
1299100
329541
328890
7121908
6090117
4646412
3783124
3859802
3381640
807470
5222152
805463
6286983
6738051
3145254
62174
5325829
680713
2401834
4059194
277944
1168727
305583
275083
63929
1683005
2830677
277029
268424
6029431
701787
4336814
6716490
1093879
271987
722570
6577436
1216612
5991109
681463
3184554
4468918
7813419
3197560
4500129
328443
2396222
1166364
552253
3272494
852229
54601
282158
4494159
3731995
4870182
329429
34345
3746027
2768966
7767807
4495419
327733
3115712
6372290
29857
318659
1040687
731323
4974763
5077152
3826315
7964066
6203072
5055143
763555
327548
7982540
59279
2093451
3579594
6191091
7492599
3070263
52328
2027735
3949693
976070
5571966
5946670
53683
4932007
1780510
7043630
268528
298560
7259497
49640
3357732
2096090
72264
7030934
4417444
318489
280796
1165069
2871085
40323
6549419
1482011
7037822
805387
4028194
6589049
5095371
4602121
36149
2860438
3112980
2834974
1514233
3976193
3150291
6088310
903711
2486062
7352077
5663618
3883830
5649118
2095522
2801270
1602224
780029
4308835
4009221
48982
6607994
310768
5999563
51883
663035
5744513
7127632
7936382
258594
2753623
2242520
7895744
286862
2468721
7538591
2095667
26562
6971555
7043419
3921534
6228451
6064922
1536205
3048331
1453442
2179173
7735881
6143181
2562898
7474967
1026983
681548
267972
3678649
5971727
5506452
7487534
4588233
240971
2401193
2810760
2942447
5817715
4660535
2230193
2484969
6976282
265221
792380
7119525
1530080
6167601
3707688
6697218
6888768
3689966
5725502
664923
7477239
5966518
6981821
748240
6211750
680194
4034849
2259821
2780899
62832
5322496
265193
309162
397509
2776253
65386
275915
3258944
237812
271653
639359
56636
1530096
2595699
1224737
3658119
1954614
3045569
802442
271458
6994567
3555709
180283
3260069
312000
7493239
69161
53203
49103
61091
7732808
7846655
554456
1231834
3180598
7867198
2645475
2093239
1044067
6311429
312083
3230070
6373675
5695538
6660825
7850298
5756654
44723
6207565
1532909
5357930
5274472
4133578
55948
4441041
1994393
6090648
1258148
6425087
36274
5906029
696954
3724608
266993
303775
2774755
307926
273231
3949761
573866
53229
3528437
6157890
6376034
6525976
4009055
7469933
7736163
6672128
2826707
54478
34550
269491
2551843
7375575
609681
1476885
5939646
6247715
6269071
6587811
5266334
6461417
301656
4500580
6658751
2707295
807277
3852968
2911550
5705387
317914
5642077
4565987
311057
806965
27633
5176507
6699036
680372
553876
2999320
7541922
807545
6088811
807401
6115096
305956
277751
7381982
5736739
3377882
277826
2446880
301657
41172
3873183
630349
882810
707185
850853
1215313
798000
305957
7123227
33475
6203698
249145
2537249
398001
7831821
6113165
3522326
3514924
269469
285908
277179
7542185
5729763
6583718
603433
603435
7575729
1231770
6241317
37091
1682011
1312871
7120393
285496
807674
6854054
2412296
2547941
4324984
6393184
6437945
38390
319969
3724344
1024884
445018
36915
6929339
4915873
6906099
7987806
5756652
282329
7731733
3127855
7731994
2252747
69494
3127887
6500549
1416302
3794310
7732806
6912423
6661592
3657418
5485963
36914
36912
36911
7396991
4471104
7936574
3727119
3722604
5758417
3356424
2007805
4325115
958791
6663514
7773948
292206
5858740
3727536
953717
73257
7396990
292205
6577394
3722577
292203
1122127
7470969
52241
954674
66476
28780
36845
2292291
2860798
3486341
934939
2270539
328820
3165947
6588569
1158755
3725887
4016149
319853
7176491
247947
7377125
3392700
7389870
2707296
7174037
3308278
7389869
464236
3603299
6604147
7389683
3608070
7389682
2548429
1685261
542914
7389681
7389680
40437
263060
2543634
36920
2111557
5737778
4844479
6713593
6647761
7542466
2544244
601478
5743504
7285010
7285012
3329752
4079242
1024281
1096107
321359
36919
239044
36916
68861
2292289
2292290
5737181
7539527
3723924
2375947
3392699
7472519
7633308
2259040
3733412
7130836
407532
2031040
6261790
7584271
6508876
7584563
6355194
1661609
303394
3096972
7920164
887117
7503371
1023739
2543024
6090220
6090249
1157296
5323486
7410024
3408785
803139
5848296
5728812
49055
629258
324602
6239202
3651954
5102739
564490
255172
914081
3727219
391635
6457934
6259498
255295
6495460
246817
5821556
6092024
311831
2640074
6090766
2238534
6522753
5915771
253304
6411871
3902174
305918
5347134
7383284
1028209
283298
2931733
7381189
4314751
298167
7396050
6890570
260823
5373370
2012451
1126712
5197982
1777427
7383287
307432
7383289
6099843
940322
5834918
3361794
6255098
5916456
6217217
1777428
7538139
5679181
265915
7504595
6272529
7505431
6426808
6234714
7787220
2031042
7935731
6512670
5376475
6420441
6229159
260775
887118
6979647
958921
1744320
2012644
7383286
6783844
304899
7442315
313231
1026529
6823838
6665485
265916
7442375
7812821
6698584
3724315
6265162
1777429
265914
326744
6616474
7137353
7137328
6347812
2649730
3009261
4311968
7383288
5848691
7383285
6783834
6517237
31174
4187776
2324207
320949
51700
7813195
7137666
6409635
7770288
884370
7117808
5918578
7722412
6823531
444178
278157
278160
278161
7633314
7813196
4038343
1835898
6689395
63503
3422174
278172
278174
1444022
1439030
278176
3121824
7813194
324132
278213
6269450
371010
6232127
1495108
46068
1264738
4496987
7378921
248242
3289208
58341
7475953
6270269
3698315
7725121
6556079
5096536
7356170
3289081
383660
3660225
59330
6121048
6240053
1986995
1264962
240409
305955
7205656
2249453
240418
254899
1602228
44248
4682269
2050556
278214
5824732
3223212
509604
247284
66163
1802150
1369558
5705363
1751361
4590087
942443
3921538
49445
267644
5788307
5990577
244454
249452
324133
6256924
4713642
29139
7905441
497129
2642348
45999
7905433
6037798
5443090
7905437
6261172
6017266
2268604
7903839
5756880
267645
680985
278218
45531
278220
3524029
312319
3819711
1125518
270190
6128553
62093
7407368
7152093
7407352
642931
278171
51158
6968873
5448744
45294
267639
1826218
7407351
267642
5325749
2880546
67233
4713661
5028120
259533
6265072
7653928
2249715
2268908
1418971
3722908
7390324
65252
1602153
1495471
1870704
1116330
300469
5228765
7131072
298490
3472482
282331
7393150
297006
2177669
300466
5145594
5147412
306592
463234
5879569
1529643
6061501
4502249
1710415
7393151
2821048
405839
2315320
7390325
49178
2898354
6358013
7937102
4016464
2198645
317928
7371409
289365
6010943
3932509
61733
838898
3080226
54801
3374125
2404152
3722175
2538237
3930503
4896030
7378874
3737759
3956121
3419951
315355
276735
2951767
4016484
3930291
7490017
7113826
1223900
1825141
279520
7438228
2042799
661572
3868793
7768971
7768972
1148448
1273488
4949710
310007
2046702
1435901
70428
1656158
7438843
7374794
293302
44882
5776886
279543
5208012
876014
279531
315347
279536
1140018
279526
44540
5733687
279524
317930
282822
2042649
1225099
7947455
1826193
2360207
1738384
7947452
7968735
315453
1808441
6196806
7529203
7480539
1531078
7919780
300464
2360208
281876
2682191
2780830
950930
7127246
7931945
3730767
942557
279529
4921894
2745926
2254347
2265775
1612562
4522702
1112275
7593115
6376585
313990
4808452
6223811
1025608
238472
6223812
238473
5849166
244426
3360234
3360200
277927
4496844
7377527
310733
4808453
953254
954519
45031
285618
242825
2959119
6112508
870589
304460
26757
3371117
7043564
703328
49489
311020
285617
7176992
2546417
4778514
707121
324572
324569
6112467
3732582
6112487
285807
277921
6085467
277922
277926
319548
6162123
4500688
6355786
5331066
274920
2957941
5331063
3826483
5331062
4529088
3125278
5331065
321892
315118
3125280
2094810
6168773
49555
3371116
7784640
3823262
33672
252068
5851840
1867940
1251252
272681
259420
316060
3722185
4632208
3563696
311536
68771
6098897
462760
5694059
4493257
6058835
7411366
1427148
1747750
807373
60513
27469
2908381
6425583
6579443
62572
48762
2966448
2966445
1315829
6834343
51514
7820631
277941
1882627
8006864
5024676
5916830
7839450
6681211
5067533
293205
8006865
25911
8006866
6961113
886253
277929
4665732
4091860
6271855
6085507
5707162
272676
6112465
7385980
271870
277932
277935
4494602
7385981
4499019
5536759
279523
279516
7475021
1093316
1026668
5597143
272731
272735
707210
3271081
325070
1026177
242943
315952
3272158
1024171
680872
41047
2799147
6260341
6900599
6345455
2837963
682425
5506419
1225943
41813
3725110
6254855
2245252
3079584
300300
6431609
513070
882867
5509133
1702279
272733
242330
325069
7212839
7212840
6403201
6391351
6653816
2967866
6618560
54979
6532681
1029634
272732
6949893
272734
5509138
244825
6949835
953810
6660206
2967877
953377
3062005
2967862
3190941
5070200
1029957
2837928
322364
2837961
1392466
3731209
57869
30175
6390165
2917940
876587
6378327
2975892
6876062
304595
7471985
3156486
7653898
329585
7653888
3271749
1028517
6269695
57195
253837
3022204
3022215
3956421
3730912
2361565
327139
7473505
2751780
7830241
3726100
5440471
802657
2007650
39166
1092350
6634444
4404188
2697892
515086
505464
289514
3726190
6539686
3403462
6656601
2223656
1891433
2985527
262064
5915442
5927328
1253327
2898189
286800
6936735
582840
73040
567827
2237601
292019
7503278
7502139
4850069
4270999
7514323
32146
7513538
5647962
264307
997241
5936360
4013452
455777
2329584
7168372
5620460
37052
4013453
308883
2412040
407929
66537
7168373
4629934
5131482
1192201
6029633
5313319
2474214
2481349
1163476
2050699
465150
315341
7117554
7436205
7436204
2327275
1917787
4415491
3631417
2419492
2322801
258951
301854
304331
2028347
279538
1798846
279541
279515
279514
313450
279513
310106
279512
279510
279542
313446
317065
1094514
6428921
2050679
6035832
6610902
1951722
2430259
1874254
1388975
5735790
453482
2611959
2123580
507506
1696989
2641720
2641440
2635029
931393
1886452
7989286
3705283
6374553
6759569
3626822
259058
246340
246468
894733
6403319
73592
1028962
244532
322002
4009430
852079
3521133
263166
1685996
264304
1028299
4706552
254597
306565
264305
242329
242331
264306
2956639
5579558
6384946
267962
249104
30938
1174795
1476366
7217691
614532
43096
1477947
3899063
554352
802388
2219323
328616
3922425
5295845
453146
259645
315953
3272728
2290889
2549343
2203864
321902
3725015
1841180
70273
6381667
238736
249105
4424601
2357177
6416875
1676126
57887
6272213
6687234
4600271
246763
3155594
2389508
6011145
6661639
7130467
1449362
2045814
5967777
53789
2640053
2353529
251046
270410
285911
1474780
6011146
267566
527995
47456
6349241
6006401
1371978
910832
1395116
2359581
4753737
6661678
245184
316135
45398
305376
7732402
2642119
252895
1442238
2647177
48230
2740232
3723198
5068583
1637997
5818930
3170621
882696
1166455
255518
6080791
37158
5618368
807280
34621
4870316
34619
7824132
3444360
1418052
1417974
3426097
6008808
6577513
1188714
931434
2258381
5879595
6604277
5554619
44567
1449378
726352
1449373
791073
3457369
726357
764461
726362
48730
2182168
791072
1185156
41127
3170608
1449372
1449369
1449368
3659757
1372595
5318466
1495310
5620635
5292774
6009169
6006395
5896784
7408331
5270069
1449380
6009168
7383291
779235
2510140
287485
1499934
33810
2362930
277427
6541001
277428
277430
2329597
307131
1435889
6575487
501303
1453003
241476
6242739
6412349
3168187
3005186
6620470
5258973
297535
270096
6115715
7383290
1449385
6349791
2740230
3170618
2585537
4520003
3568475
6692525
5097832
4500055
5757935
5672580
7352561
2869053
65521
1635451
2864133
1025402
296996
3456467
3115401
42719
5850789
2250462
5187023
4889771
1212354
6270854
2241171
312906
2509455
3486442
6577475
3328171
3170642
5226726
272395
3511259
34437
5776939
7521592
3836442
5737087
3170565
7733755
851947
4672751
57118
4025129
6692526
5789122
57203
324544
5414034
7467026
2663335
2505924
7538441
1485981
2055264
4828684
6732625
3168094
982233
7873812
3170553
259613
7961625
4661762
749590
4443708
300901
3592618
5300868
1841266
5375851
4679880
7537990
2007326
242873
279668
5020102
7537788
5300869
5752281
6669953
3724488
2253810
3989751
2785044
34438
3729298
3663332
2835778
1209509
1449358
2952381
2301964
34439
4498827
1449355
5178630
326558
5178415
3110697
5375850
5735767
5300867
5747956
2582699
3288508
1481624
953625
1209701
4635427
7541919
1209699
7632580
5272233
3727757
1477695
5193594
5265296
7127565
3721465
6593648
5852157
309136
259751
8013068
5193534
3584859
3619672
7978527
6104189
1783755
2489046
4496169
2078111
1492613
70859
1766790
5598786
3120637
2950424
466169
326506
4576461
242109
66566
4872187
7733792
1545201
275576
2111324
7733652
1225414
436665
5835761
6108794
5193190
7817543
289824
7633897
292593
1334620
285885
6196212
8015305
7633896
1264323
5320764
387551
259432
900629
6958089
6958083
248618
802474
3155630
294065
6958088
462618
274888
2422941
294069
847681
681943
1489175
804058
687702
4313995
804057
34264
3877532
293384
802628
325533
6958084
277696
6588444
804079
7003164
6917988
34256
4540315
289996
1766703
6889378
6229285
3914402
5101653
6666983
6050809
476379
3733292
6666951
2487204
6433702
3914401
2358997
2477093
4959433
2852121
8023837
4015125
6339429
1635851
3260093
258082
5201620
1635852
5745191
1936435
5737600
401107
5069044
5729533
263937
323515
1093876
6662167
5754702
34270
4813590
5832810
6601810
3732197
6190882
315534
282954
7832393
1403193
49987
8023842
6196123
6982151
3823524
6661597
56778
6807244
1103027
325103
6250578
53182
1731705
5294552
296839
3450998
5747939
4311298
3619584
804085
6958087
2631684
7730287
5670019
2548600
323612
3171354
3726174
2078108
1223004
1223002
2776276
34237
276268
299627
6247495
7832375
6759876
34958
432723
851972
7948239
2627830
7832387
315797
6661624
462576
277144
394691
2627927
7646788
309367
7646787
3176255
4662697
5852688
2549815
1223644
301516
6497180
6783783
2548524
5674357
6357091
1508617
4921996
3050127
5786332
309426
1862546
5751381
318173
5752111
68366
67773
4398806
3170564
3675010
259606
67945
315066
6256804
436773
4015248
2869665
456469
67431
277262
1971888
681969
6511949
28337
6812432
6462440
6462445
2776277
3170575
6423513
1025861
2407399
6176182
6173376
6173375
3746172
3345362
462616
7165435
5340993
319155
6968771
5340992
278769
5256992
2980673
6268937
4497649
802338
3521508
2004995
2194912
294157
61715
7745222
7934250
6664009
5799511
277418
50665
7990639
7891740
2078105
2078106
848637
5670018
5491555
651385
6229445
2649840
4484571
2854010
6235888
434406
4265110
1807089
69780
2649890
2649824
266352
7165429
33555
6324857
7773706
3439337
2272844
3626589
304684
2538219
260232
5559162
2870857
4747316
4493646
2510740
2361133
49780
42335
6525093
681724
2985383
7530547
6767433
243841
2639896
6412199
1542254
49902
5509212
6339430
6796468
67333
6121960
3250941
4498648
290533
6352467
7728161
265337
5909819
2870852
6341164
2688942
60021
247232
802438
5448867
5733747
298991
1092195
2096198
1972287
58618
6622216
1970664
702215
7167496
2705324
3730208
2537327
5909942
3168114
3439554
2993887
7734387
2633363
871884
1096366
3171225
3259396
2069378
3932672
6273314
6224393
265338
6972029
5849968
4966419
681659
2956954
3419810
6956494
5975692
5565534
1164344
6439127
3101539
1185316
6532016
5337343
4966378
6520140
67240
5659261
265362
5913175
309919
3826304
1468144
2826670
5729455
2547698
5354910
253189
2870860
2330093
5593336
2237482
7682531
5916459
7734214
7728088
265332
6260073
4496115
5387930
2643851
2870848
326826
6799913
272182
6224394
7556799
3164415
5509216
647733
2870839
7548991
3248485
681658
2643553
5850249
3633848
4635281
6660169
65879
275311
253073
3633846
4506808
253334
2005018
1025851
6242606
238253
7114305
4630599
6706192
2423889
1801774
1801772
3171541
454483
251220
6014703
539856
307342
6242624
7117106
304012
4728240
7185989
7834041
6580772
6873506
307344
3728840
5938982
2253136
4728273
293480
265342
270292
1868325
576634
6682114
7378633
2197633
6740006
887120
3820228
5916125
1745563
6979648
6260642
7008296
3494829
1901782
7507178
4269845
5834646
317129
802731
6698334
5620770
4662741
3575321
7396049
2007316
3171542
6682115
2253132
5333456
6666216
4728257
324618
6249893
54819
5598382
2255910
395045
1023985
6682116
2548611
7865040
4731139
4289355
1028926
3022548
6993380
5308105
877482
7125990
436018
255842
6423221
6899099
6384942
6434176
3858682
6505335
5729202
7125989
4378738
1028927
7958052
5472125
5915492
255840
6497326
255839
2004996
4498748
6345030
2253140
306672
7391682
7391681
288600
2121135
306687
6262683
5688189
6266879
2520162
6579560
7865039
6247739
240047
5499266
306686
6343784
4485280
6651930
1868326
5789960
6267291
6356512
3272314
7408605
2143100
2042644
7408606
5298846
261889
6373936
6598117
247770
1721057
2093034
6269851
7584542
5879529
2359207
2359208
2857471
6350371
530595
5858288
6637333
7558175
3526281
5936317
2436112
5856436
427769
2246035
2436113
803120
7797418
5191962
331994
48915
6252613
2358898
2784314
27072
260844
240278
4506300
2273565
6920755
5103529
301660
3592728
7539425
27939
5731108
243546
887321
