5068653
4017060
4016852
679984
3442368
6501671
3009208
6343771
3825840
4016434
3905847
2453632
462498
7159707
6410178
6656329
5109601
6424232
3172352
3415377
980726
2537140
5850791
6492787
303653
55486
2647366
1755544
6421550
6272749
6485071
6340065
6767368
7507688
4795786
7441154
3417190
7111388
4010305
2453630
2325884
4890362
5147588
6352823
6519637
5725816
6235669
2997157
6123442
3096087
6351978
6332171
5825763
4265824
2455514
4750641
267703
1852277
6270382
5374920
253484
6781745
7173930
6509080
4665699
1094446
6512654
6665385
6947027
3329575
4498987
7114279
6255258
71117
239261
2374675
305072
6246844
6105703
1488831
1823768
5937228
5078483
681739
4980207
7735946
38349
1067168
5881882
7784852
7398631
18982
5654837
56968
1541495
6013099
6347251
6046868
2273038
250026
4664225
7783364
5343935
6221139
5378536
5446082
7511279
2250069
6430403
291869
309705
4014636
3357802
6990374
3771199
6531312
2359666
5471363
4496863
6048744
7517270
5767564
4769444
2948913
6651378
276156
6262912
5731961
3197483
3724642
5506049
5915308
3910421
6652720
7379621
6869605
6270524
6420220
3738701
7118012
2645112
703149
7176106
5798519
2407774
7164288
2185163
6339739
7731616
953677
1908964
3919644
847204
3717953
4826062
330419
5516252
6424655
3382006
6815621
1893596
6226089
6863350
7212673
6251162
6505712
7186204
1890539
2064128
240962
5733929
2051823
30683
3162135
6512511
3377083
6655021
3308342
6235887
3723716
3044146
5615961
7226330
2543611
7813089
2197523
1029030
5738059
3738066
7537446
7240575
6089864
6870024
2647836
6242156
6225894
6649976
316792
6505031
5761359
7475947
3424187
6125820
2531427
3818852
7198273
7178479
7199606
3919389
7737870
1954842
7403157
40314
577536
3360258
6244845
7733729
6490466
4012050
4665087
3667153
6518844
2769454
6740690
6228802
3131478
6272655
36839
15938
5702016
7471635
1885888
7697577
3620006
1939683
3735000
6234998
2240605
1028502
3295500
6439418
6516141
5553167
6349234
6118807
7397423
3908142
23433
2459499
7180328
6257250
1127045
6347620
1834190
7070683
2406585
68680
16174
6418398
5817204
733675
275956
2544917
7521438
5216736
290234
6338794
6912600
5072508
1628569
66389
7516577
2236681
7385158
6352773
6085766
6880677
3202605
2952599
6508551
2258401
7404839
3997988
6657241
6582647
286995
1888605
249314
3368207
954484
6509702
4497516
6869317
5621421
7196548
6406864
6927506
3722191
3907810
4014225
7502176
69789
6520441
4680070
43416
286699
4588078
1522408
6093981
7474800
6498197
351807
2537992
255018
260223
312457
5902870
3024062
7540586
6171496
6229023
2737499
3727418
25084
3698331
3575499
6124147
7046379
2016585
7211973
2868642
7537333
2952817
26390
63883
7503387
298277
6238504
5679146
316620
4014792
6436507
319087
6646240
2646612
7160025
7857749
3634582
3924650
3096383
1170419
237665
3509501
49186
5736087
5746828
5826380
6664167
3911080
6912194
3240575
7142919
7395927
23932
4429557
6505228
1413607
41079
4156195
7505969
41969
7184283
7793693
7736220
3906493
7472664
2869209
2743687
2799061
283152
5640570
3737875
1176261
3821998
294246
6876629
7163378
7399965
6248412
7152106
1613124
7512264
3721388
6428425
6864793
16762
4703043
7406568
3330939
7505205
742090
4009326
1410
7111470
3419482
2046671
6346343
7375998
3577360
6479084
2662619
875825
318583
2713482
6433711
6521186
573896
6239143
1103290
1026995
6124124
4061399
5654428
5536709
3991635
6665211
2210591
6410169
6710889
6339885
6951653
3201875
2245014
251500
3325422
39753
4882224
5500327
2648214
317202
3151418
2044842
5105284
7471167
1780493
2540825
7143778
6224732
953800
2291932
6425037
6440093
7577581
6655316
3868441
7394924
52684
5850194
6559394
6247882
3917169
2542380
7402183
5164728
6494114
6494168
2953334
7131792
6337778
456389
877830
6244502
5386973
2275719
7132131
7998558
7035177
6247913
6435131
3907413
5217327
6525119
1415027
7475002
6912245
6436872
7113881
4011658
1028081
7378716
252225
45282
5752495
5661882
6431281
7152264
6416269
6491427
6490663
4904860
2562823
2361618
2193881
2547195
6418221
6500135
6340694
294137
6741662
6412495
1637406
60703
3738848
3994414
6924067
7134385
1093632
6248396
2170221
3896758
953726
3528322
954792
4013374
5853045
2985465
6345249
3723054
7950394
1094273
6524678
5736169
6851145
417475
2218139
2934654
3259071
7154953
6793220
19342
6353257
3903111
6415710
687592
7126054
6265063
59969
7493794
5737693
3736068
288400
6513170
7127834
2240738
6898568
1465853
7178617
7470595
2301433
2282289
3920157
6421889
3311062
6409716
2886471
4017049
4512640
807444
3341686
460029
7404711
6653009
6846806
5744537
7174254
7117203
4666992
6234851
7143826
5488296
2537265
6774540
27041
3574366
4401041
52828
6254512
5565505
6339129
7200010
4494050
3150482
6310667
4502659
1026724
6516201
8013397
6335690
59845
6530395
7183076
6221191
6256540
245837
4498403
1446271
1898400
6525151
7177144
2663575
282852
2953748
1140914
7748415
3211891
6427282
6099606
3312121
6214577
7510834
64927
6699117
1311870
6493042
1029287
6390874
2731672
6268580
4113360
4079861
310067
3920658
6237272
6258575
57854
7518465
6845041
273000
258746
5429981
3831087
7494288
1025230
7177776
7173968
3729551
886965
6338407
5852770
2230365
7226388
7519180
4012143
5742539
6352534
6232337
3419876
7214785
27320
6678658
7355897
7445164
2537792
270189
6403785
1027524
294767
2253265
1647581
306539
6417630
255649
313542
5850054
296099
6428453
2422986
5649272
7521595
5903707
7149941
3153873
7813055
1442237
6275302
6108832
245820
283517
6271269
871718
5004961
6529102
297846
287959
3377876
7542646
6341220
33772
5463984
5424330
4889975
7189545
7163909
6048367
265107
4022419
6059367
2652577
7374417
24347
6660513
322481
256080
6815363
4427371
7548643
6897910
278467
272714
5541514
5168428
7186133
7733330
6523398
6221105
6664457
1093745
2953901
46474
7407781
2713169
4456531
7734792
6900693
6870999
301215
1093638
3024036
21000
297918
2239821
6251414
953811
3265979
1891661
6220448
5100554
54268
7442749
7240101
3701126
2234169
7500910
6412720
4497313
4629978
6417327
6518944
55406
6408565
50511
2538679
7155408
21497
7540989
6508724
37966
32321
253360
3469929
1663492
3930806
847124
5725635
7493532
6698328
3310925
2387089
4529024
297452
6126013
3665388
1883
7181056
6231250
7284838
3333931
7540277
7957055
5341028
6071525
3001143
7163933
6521931
4889943
2301319
6237888
7663869
7820692
5234901
5143356
6346744
4012403
6232112
6090564
3359721
7375545
6258364
7381708
1860694
6559284
73696
1042312
6964618
2236191
7575056
6498582
5853774
7198617
7178305
6010456
1027758
247086
6488748
3147972
2561956
6344575
562887
7504328
804080
5276142
5915212
2547141
7379060
6350473
6410991
7142916
2542929
2314846
6254529
6508571
3239995
6525511
3126614
5735869
311862
6342889
6224238
7385010
6230789
5830205
1222472
7171804
3110635
6443322
7439454
2064814
2892018
5338800
6517936
1294600
7374569
6306537
2852075
1026335
6088281
6232913
7222786
3330201
238213
5851164
5790321
6418681
7507601
6040318
7198728
3724635
6411129
5943588
7227611
6284878
6418624
6424283
5683100
1841587
6675934
3223089
772904
7163972
2033672
3163287
248152
6789922
6227921
7714854
1029160
3329888
59756
6428773
7521184
2288875
1895630
5059620
5189037
318690
7398913
2545244
1725419
1951407
6493753
7765415
400135
267852
22121
2025821
6251046
3202275
4530003
7037111
314389
5852722
6529945
3914230
5915620
3824836
6339285
43640
7443990
254763
6496602
1026217
7391165
6496109
6344340
2236148
4685150
5813909
258209
3157863
6862038
241958
6250499
6424196
953767
6431035
6898571
4135039
3067004
2203329
269921
7152659
1841668
7381716
3360626
4950723
1959374
31304
2293190
6355498
2952840
906096
4267468
65471
6664342
282006
32131
6336791
6255434
1648999
2973710
2645686
3259050
321822
7176687
2355827
3831123
6728823
2247764
3917112
6227936
3738160
6232466
6262272
4143130
7379099
2006459
262447
3826667
6498997
478577
4684547
6410918
4009608
242240
6664425
6243377
3271411
6531133
248110
291296
2713271
7381197
22964
6655533
6267071
7218264
291984
3919054
6419586
6250658
7112641
2865262
3868792
6250614
596276
6220073
6436133
5187009
4015806
6253813
5189268
7172904
3366432
1872493
6029652
3030970
1572984
26067
5729022
42124
243512
2545054
7182429
2241581
5584734
3913120
249289
7130202
280314
887520
7211959
2675992
6497705
2249458
3998551
6656344
651521
6663666
2447428
7199864
6509389
6226164
6765587
6274756
293966
3919710
6506570
397990
322571
6411770
6048594
1553918
7474309
7356858
3723939
7127833
6245587
7926054
5166528
1860457
7235933
239218
16259
2147764
7110473
7175736
6247459
6231546
264103
5335500
508303
6423762
4368269
6660718
4307829
5011411
4422389
1726857
5137171
7174349
6233869
7827420
1887124
6350986
6510581
253814
7152963
416877
6230367
7175876
662696
7408716
3732183
1847832
319381
6430347
5367023
5971275
2870387
3919103
1687696
1717766
3788676
2908259
804117
21479
1153953
6048444
6407765
7538970
6508144
3738439
6261316
6527818
6354782
2470800
7113266
6814247
1636734
3007547
7168107
6518925
3448957
6048809
2873990
3913446
2377319
7235718
1044868
7521928
7511048
5916794
6532692
413773
5261249
6436809
6517836
7236390
1806445
3722920
4329107
4833334
5179701
6224259
6656529
2538431
1492178
1127871
2198637
6652229
16731
1820757
7169923
5461302
2765478
1814749
7517800
4709532
6521170
5909741
3915976
7917093
4664395
7194886
1741766
6404259
499307
3536408
252336
5903799
6425141
3201183
6274174
6246829
7134535
3669135
2662992
5326096
6662940
3121705
7733936
1256693
7517934
6702260
7812844
3393204
7963460
7515422
6660400
5859555
2544678
6231629
43451
2644323
6037191
3467774
2916932
7233007
3428302
3670101
43487
319142
3724523
2451109
6663100
2857967
280583
4012357
6265295
2013928
27552
72898
3486340
267860
5938096
925198
2750944
4502253
6097375
707472
6340715
6870728
5903902
5739521
6071769
3822879
47703
1027789
3405496
1029735
7521096
6259632
1877179
6247250
6383504
6663178
2323168
6658273
6261032
4895491
7402647
6518927
3213396
38713
2951660
2856178
2272771
7429197
5758379
3201250
2929415
5745266
283141
6344452
5850445
271492
696061
6665430
5512938
238293
6104557
6514337
57949
7473674
697773
2016703
6520180
6264616
7171570
2648805
1121843
3734308
6653333
2013654
4660482
7230765
3734269
326415
1156571
5436776
6716072
7510142
2701400
34538
7132156
7832505
7545326
6824215
1955054
6181889
25521
6654707
7919777
5938514
6511696
2647034
1989653
4500914
6337955
681751
3862764
67875
2645383
7520677
6648003
3151452
5512552
2107359
3077684
7520278
1693896
5445606
6506360
30543
7132365
5916392
7775976
3439415
5845927
6416331
66695
3819826
6339814
2956512
6483971
7633158
267977
7510060
6331257
2644824
6244603
7389448
3287153
6494313
4501113
4017387
36472
7437232
2245915
3916935
7797827
6234387
6582754
5990185
5156365
7405677
3823688
6339314
2548795
3023777
6125398
1530795
6235452
5660079
2012153
2402211
3905230
6713468
6511236
43263
3201935
4667143
3826826
285906
3636775
5961968
3722835
317974
7155487
3736760
3315086
3912422
6417229
7137354
7736944
6110472
256571
2497828
4771473
2234160
6408321
6229933
4012092
1538643
2642044
6431880
6652855
3359716
6884684
4030956
6655413
3413277
304911
5941927
54277
3917384
2283693
6653209
3732676
6515773
276582
6907789
64906
6097591
3723108
1952029
2549648
1326190
3736867
5746826
6871090
7159877
3591358
5603257
6910112
6437501
3840154
4113290
1487345
2900620
4270071
3903276
6340584
20636
1092368
72107
6413499
6912645
6653648
6228182
7164161
6110243
2642394
662596
1094992
6660552
5825202
3906648
7542978
7134536
6341543
7398871
7113810
6502515
324902
7150299
6345432
5077388
3273574
4500428
3129801
4665225
1546291
7217690
5768380
6337333
6249600
1950887
6530539
2673809
2955972
2955632
541985
1656234
26236
2641398
2031363
6343372
6338942
5937461
804226
6225949
6496732
7734238
3728716
36972
2954885
806841
6526341
6256288
6650325
3620495
267153
1542447
2547212
7856230
62099
297715
6239164
3280097
4663439
843958
256566
3826542
1092474
3311965
2790385
2648540
2130484
3951567
5820741
7683437
7214293
6123370
5264271
3736244
5754460
509839
6352568
8013706
3723622
687800
3308316
6433317
7801918
1026182
5729761
3161915
3305872
6440473
402039
1064002
6350924
7367246
7023091
7194896
6667047
6263030
3918995
6351367
254591
5375757
239134
6494599
3909489
7732108
6535156
6670078
7126024
7399542
7514271
6653784
5214642
3131023
5184869
5322789
6510684
7401460
1211472
1027101
5670752
3734366
258614
6046875
3819740
3733322
41181
32794
2038141
7393882
2704155
5739691
7396583
6678196
328484
3924386
6661280
2036395
2882100
2334095
7506131
2862774
6412028
477355
6233805
6241819
52567
5733075
3512564
5788644
6341706
2537678
2640093
1830617
310792
4308703
3356287
6664083
7389051
2539657
1991778
3042172
4071880
6543026
6234628
1393373
1195649
5926009
7587480
2549404
5842402
267528
68380
3536383
1215141
6261345
3256325
453381
6601146
5203932
7439983
306884
6231377
6676312
7541117
7921357
5519208
6437695
6356079
6416612
4497682
21247
3914564
4009306
4502026
4012941
7167922
314299
320889
7127745
4496930
3913761
6503731
5377027
5936679
7767783
605540
7789614
7177237
2402614
625903
7131431
6230730
852246
6268779
6346055
2292314
2275892
5853814
6432851
749515
3730596
2169034
6525836
6355454
6645895
638732
7374686
7131270
2610912
6581102
7388907
3434273
7830922
7514168
7444796
3205221
5945189
7440907
6347811
6229661
3737986
59999
4939848
6125558
2408271
7403531
7111652
5069819
7410374
257026
5915383
241961
5259306
6525144
6432849
3825234
4665256
7078596
20910
7150303
7113159
6530793
7310418
311146
6003783
3906151
4473025
7383442
2891394
6426254
6427014
2713062
6912169
5732937
266129
4015124
7192230
6663642
2275384
6088102
7174548
7521167
1079498
6526952
5136464
5951523
19702
4963975
6833063
996973
1895705
5636633
2143047
3370721
1105414
6532323
6342917
3147937
275991
5343897
7795893
1844247
7538626
7184734
4012897
3914985
270222
52425
6868042
4664775
4497527
7240812
5244735
6353015
7522013
2235824
249453
4486275
292785
6964304
7143238
6522367
6338500
7136464
3737796
7235657
6491603
6713400
5483951
6264691
2012146
1129550
3123328
6732680
2764168
6268212
5674090
7399552
3172829
7458051
6584929
6239540
6514884
6852743
1866409
295794
6499709
308732
6507621
3329514
6995634
2886485
6658605
2196902
5828626
3409141
1534390
5453663
1841823
243714
4012400
6912127
883944
6310033
321339
7958960
7474333
6271613
6525849
3658486
6498182
4497401
2245186
7169555
7502912
7177493
2255333
2301933
739833
45657
2064896
7953145
6261207
6432573
3426190
7398848
287194
6256442
7395728
6430768
4512511
7504912
4666233
1300368
7516007
455763
6410075
1961611
6024944
23043
2387809
6529128
6521204
18719
6544473
6274324
6794892
3386913
2251245
7396563
423299
6268633
7182054
2951669
6430567
467641
4665711
3920924
5203920
3919258
3455764
5588376
6849367
4292848
6940342
1093218
58302
7387100
2546162
3177283
7473519
5698260
3405342
6231494
6382865
6622230
2641630
2376656
6226161
2282538
3904803
7379921
3462702
3394626
7230984
3264754
2892040
3193821
2171303
5010242
6684852
5357338
2585478
7877176
3951892
3402107
46176
6777814
6149698
5774014
750937
48593
6211778
282285
6994442
6050832
20241
3859597
6407440
5933850
7740925
911169
5442004
739444
1946006
885204
3659807
244724
418717
5765482
7978858
53607
1487828
254728
413871
2799094
4256502
876061
2975735
700654
3586938
836954
4853257
3065458
347782
280644
27446
6203106
6211515
2854519
21094
5322293
20161
52935
2100006
1338433
7760591
2909338
2894793
5073547
38974
4409759
7767405
58641
4132101
62068
1919800
3992780
6584905
7741106
4904184
1577178
2732959
5891225
7870320
373257
6331921
325356
6982129
7916131
856858
5383753
6929344
620087
51174
540758
6069772
29342
22505
7770155
1638592
5946156
1803399
73292
3456920
4435295
2967390
279014
4045684
1434282
7027305
7529971
240467
44270
329242
3504479
242456
3679784
3881905
2652919
7363424
5225957
5776475
5867062
682227
1167375
607640
6959965
3323802
509746
4136650
7813226
7752537
3042441
53348
49129
518099
3199122
5867852
279398
5147331
312101
877827
3962686
3930918
67556
7022350
7015360
329063
1089254
3673715
7911524
6310081
552249
5357938
1530082
2754905
3896704
671648
5870613
5287383
7453320
3042354
7010727
65733
329217
666446
4231064
6957943
288347
6201062
5325992
2999438
7451237
327569
6993394
7264412
327509
328643
5786046
3878741
244235
6028530
367410
647593
954123
269610
273504
274319
247660
3959728
5045706
690424
239258
280538
6190878
20191
3877534
3884723
5834791
5248825
39912
682238
324032
34226
5483631
1494135
266163
239471
6993586
1972893
2906735
65484
6292120
6026268
4394522
5557227
3970792
4869690
2486826
254608
6058445
23990
1786922
439558
680910
802688
43537
329542
5045402
271981
899517
7538781
6310143
5618447
4073427
7918348
7803493
2668542
55047
851657
240263
6597302
40777
252382
266159
3924996
291249
21613
6378909
239197
6007136
4042868
1468161
329241
242284
327738
34032
271570
60716
1095510
6993430
325635
22326
3891779
7760668
2724674
53797
4604228
327102
6360041
393244
269913
920260
2464745
1426150
5345968
2485100
1354986
3622031
2621105
2584122
52792
1293146
320227
30290
313758
6698466
6359779
280681
322360
4846371
1528020
5834139
2672302
4915392
7770048
22287
6287096
67901
7356044
329119
1259491
30023
3899131
7974881
3788443
2948159
247720
5078787
1744995
4600285
1923408
36938
4455593
286342
1354920
281564
7274302
2879921
2756544
3149206
6055667
51580
52855
4309000
758544
1550454
28386
567931
503566
1040554
20081
2776513
34235
5883044
275139
287123
588141
4443316
2833547
3958976
3614291
308493
1141883
49998
45663
5099047
33226
807250
7958458
2756727
1028977
329182
1546943
554621
2853976
326015
241342
3773033
67620
3076042
242476
3593423
1701428
3760522
6695322
43172
5791087
640835
3598915
3721278
1354921
3459853
7865534
6616456
1873240
2099986
2070819
5897269
53699
281709
1127421
5936323
5902357
52399
1018437
5680780
3872354
2135143
6377513
53373
326849
33889
1040550
2940582
1210021
3884603
4152956
6804154
3152024
259714
5648095
3097004
7839701
2765314
2264631
6698259
5075447
1360040
271709
5336533
267335
7781746
7741213
269415
63200
2048735
1865340
6971657
7954261
6620962
5397239
2740436
3108926
1212404
1228134
6011077
884365
3859829
3927521
239819
22763
312193
67463
5788786
53181
6693787
7867872
5688310
51751
1462952
285868
1775320
26160
1171189
892676
3807983
2724472
326701
328970
7841417
238483
6211738
62303
5817702
1393964
1519578
4844478
1842351
2946737
2925684
1395640
2267274
3726918
5663617
7766678
3430090
50774
2889400
682376
22160
3501279
714835
24761
2331858
2812733
1578624
318971
4331671
327313
65067
5263647
4624564
2724539
35428
269375
262913
272023
34286
3544989
1289728
5253179
5030673
2667412
5130915
5270091
532008
855500
3693384
847202
2318158
326692
45451
7242686
1524271
2481293
7025619
6892046
329116
329409
6479121
1260111
3704955
35189
3930955
5879480
2985421
2488241
1447977
1710413
2569582
2956102
7917458
3234165
2488366
48459
6586967
1163533
25693
44734
29021
4384211
807683
7025608
4813077
4398835
4455392
5821013
1244053
66853
282358
46503
73316
1490494
5145514
22125
2660343
320113
30047
3859767
2038382
7936921
7123247
2733078
35977
3281762
3259947
4910889
6205958
6731891
309501
4864210
3874105
5746848
6361435
1354929
1816796
5800826
28755
7840908
4950779
29285
64915
51938
576695
5152821
27843
3962761
327594
6137725
4409824
2438239
1096250
6474264
5955138
29681
2053843
29280
7043587
1415907
1016618
265433
20751
7426577
5053990
4747590
5725841
6233025
41175
3753030
2595643
286347
2452511
605142
4736911
65744
1165953
309111
2038377
29303
64941
7009424
3902533
6058899
29295
5037095
2225514
22291
3419461
39643
328473
5738725
48017
51588
318255
21829
4427753
4325116
2817527
2649974
1214179
252619
305212
742922
25533
4666915
305163
2639246
907666
1426472
682127
6484262
48938
242615
62820
5745329
3996732
44099
7480391
3535962
5945246
510823
2699930
1398484
2427886
1510780
6601787
6319354
65378
320469
1747341
4267297
1728556
2145521
53983
312056
326982
5907500
2895110
63209
7850203
7714122
4756043
3663096
413518
3668775
327619
7421718
2586975
3968593
1694759
1724664
1629156
7936532
6196911
7952474
464318
7299935
26541
268876
3068211
53684
6150344
6199767
326480
265348
3052742
5525871
2549928
5377792
6005158
309903
273944
5623474
67944
53682
4515066
327005
1713903
2562845
6480320
242192
2574423
3579634
7798533
7035260
51997
33815
50981
1333059
1575240
4906537
682216
6360717
1064181
2763366
1387735
2335910
7752178
5196283
6100071
5610245
24224
51557
244946
5817672
53708
65479
801657
7120597
5867285
63402
1566958
2860443
1094860
1203275
3922881
292651
6085189
68744
5746720
3568423
2703349
5096489
537387
240888
50246
6990786
3687354
306400
906626
3930218
681553
680690
62824
325791
1987858
62564
4647214
5716042
25649
6315716
4588012
5794297
619776
3496568
6082599
681628
35798
5153926
284911
59790
1093484
7594637
7808552
49579
34941
273467
320416
7371721
2099625
7770291
29529
292708
280647
29396
281532
4300631
3925081
330529
272392
324640
4824033
275239
34248
63808
32793
262642
4784399
804253
502669
5323471
238554
39431
6941684
67219
3121925
1222841
25811
48601
21243
4080061
2445252
7378445
73421
55068
309671
5146864
2609416
317706
3232196
7867944
285058
6606955
969136
7741315
54298
3884988
5737730
2688161
259904
6976354
63839
1270797
781592
2163118
886222
7131797
3856899
1686058
6907548
3902235
5734988
6792995
478467
311966
48692
6205925
1716471
3988471
71332
789431
5831554
3579513
67635
4391570
6359744
55334
6262818
6211672
804360
7469897
6622258
3862657
4300448
6084353
6583406
251451
5454374
3862441
273625
2673518
4404748
29661
3472287
7043871
3207340
5789135
4229665
4779132
3722569
7490761
921264
52997
2674740
67499
807351
4255347
1355473
23111
5642404
5296859
5272611
3973075
3335418
51867
244069
43047
2358851
4809748
280542
22210
56544
612636
8021194
7547790
3709113
2061902
4039357
5880603
2767830
4985629
6958001
1226147
327274
6563626
1636181
4501768
2724569
330535
2939433
1567977
6247234
807574
2318105
2985327
245325
244389
4035590
34673
246390
2304016
1404490
7127145
7062409
2268660
61641
6916632
6759907
3061560
1841631
1171097
5198047
32486
682448
4434903
715583
62284
4629120
6303738
281008
7247334
2579378
23432
1602155
58089
6918547
772784
1987869
7370786
3603901
1265043
1731552
20071
46002
54123
248963
727114
309739
306794
807645
1774359
68439
5293081
254284
274495
306319
680671
4502388
7964395
1166419
7766801
5125421
328129
46217
6806160
2838081
68441
2904267
3168603
2725760
2539223
3874092
308677
50390
34094
6804135
5834845
48127
2313171
5951251
5439720
2629799
802476
53956
1040666
322023
5324885
328498
326940
807136
285373
682086
328468
295201
23781
3019762
271148
2236698
277068
1910453
2857261
308488
325817
6608186
7850059
807234
3865505
5790345
49717
7009911
682201
803054
5720663
271291
705417
2712523
310198
30324
305379
5098031
48422
298721
5516974
3460988
5322575
5734963
1365772
3637895
792248
2609706
2724292
522633
804397
292570
891162
2756373
266248
1506531
5732018
1624889
1398437
2575721
6778920
53161
33937
3273550
35011
2388920
758416
267658
29475
4013376
22419
265805
6067496
4932026
52926
3859559
430193
42968
3496649
328796
2905892
2099892
799156
326470
4496793
5835768
4594646
538925
2028808
6672874
4613528
2474254
68669
394807
47602
2958321
59207
2722003
804118
60851
2688455
3891111
6637599
805362
2313688
3660021
618406
1594199
28679
3036479
325648
629237
1392350
5956918
67514
1556481
5016062
1682837
6622113
3273836
5790125
6660876
6880031
4415154
1394959
1342927
805271
22468
243043
43459
6606918
1365919
240891
4501225
434440
7760402
62026
44346
7078265
1197874
279622
67303
7258508
46894
1990374
2921936
3891566
8005741
6957549
3890595
799849
8008553
6793033
3816061
2957030
2760413
26470
275393
6629722
4311240
2931674
3271016
1224548
4597265
29846
3902228
6014188
5296930
2057432
272024
2610154
5318472
7871445
1406104
1155819
3762143
1671796
3451916
573585
3857260
49272
2444109
2711541
2184563
277176
1635447
4128337
6558364
667975
5206617
1316145
3312809
5057494
1026388
6218110
5241941
1221196
3128001
1331547
2812687
1178465
3196892
321232
2587043
1260980
7869477
28117
5280849
4497316
1686178
324110
280232
27772
1581897
877860
280342
62305
70492
2639577
2617173
842904
3060722
2303876
5325232
4013657
3734122
282739
681486
281560
246145
4009048
1063683
43813
2365010
302473
2720589
1346624
6203105
301811
1258335
7414105
1252052
1746317
278085
682521
3765021
807671
281727
2208799
680919
5099112
72064
398040
2520727
868510
1747580
275931
3473265
2488232
2837719
6494279
3272779
7283101
3759525
2798898
6919014
3522610
61446
7939059
4481826
279072
2883407
39414
7414138
6713429
7841630
2958248
27221
462920
6656282
6606579
7027674
805451
271453
67161
7453266
4986010
6804120
306151
5346809
2304834
3759412
2790257
34095
7782464
840149
283084
2298630
6175293
2888774
3889313
5650522
539141
6405545
2792580
3993892
3567231
5794227
5760904
3731398
3050056
1685961
2771417
1620882
5674720
3192922
313590
7363435
3319239
51594
2722186
66865
268712
4811376
3826853
1657071
3300245
2377416
7512442
267346
272724
273402
2796790
3099040
6904034
244335
7098079
2826264
4625153
4208986
7130876
456479
879697
6610286
255622
72326
27492
1810175
22601
282868
279913
1168521
7564645
804098
7918397
268515
2023223
4482884
326005
265854
287310
295287
5180259
6056944
29699
1095346
4501547
2950161
3619264
240847
2359228
2915534
7913316
7875220
49300
3614290
38585
2555756
269434
3060484
1820659
3701493
5437166
865553
1655788
279890
2492957
27124
268469
4481819
3416367
59674
3579607
3728689
569009
67922
2556515
969139
5578964
45038
1602235
1095424
6890967
37477
20779
3634316
29672
4291011
4506564
2981063
3711935
1400813
4502093
814219
7407511
3118235
3448577
266813
7868077
4540423
3842221
3121053
328053
7476963
3714131
5831717
1019975
2958564
3998032
317719
2820669
68697
940049
3725595
1024417
411115
1640979
6005515
265867
274480
919268
1026658
7909310
1602341
2879022
875841
3120675
6629702
3856873
5790055
4374659
2230272
1398896
274230
1044818
3381340
324458
1650186
43839
7023408
6053671
1157847
264293
272214
4438493
39574
316801
3930931
4895964
6113278
518867
1096309
3295519
975244
6254534
1786137
3024001
3035811
5191388
4093959
3958968
73420
1637299
310802
306510
285235
4587009
1095256
23689
6327746
3106604
3859682
66650
6562270
2256499
3728772
280801
2660182
1142294
6437077
280392
5918983
3542384
268097
862910
6797909
1092731
253729
3501305
44581
4733284
4132582
68704
2190431
6275349
2483671
847184
238182
2958918
6932376
7929340
6063627
1258455
1095515
317847
5941027
274350
6379294
7854211
29541
6479118
528323
276112
1028002
323644
5439395
60128
7127720
678756
7932813
612635
1408748
22779
1316522
894824
5136417
7915525
1027179
1105421
63565
35983
2347681
273581
328374
3399642
3502858
280024
25701
49500
681106
2905145
1208532
4473019
1497578
1302407
3859724
3962733
803232
7030922
6606938
2884498
1256188
1761523
3620195
1678255
321678
3226542
3071540
2575281
5982421
608105
6865768
410336
4466652
3717809
6583429
51595
29181
5420447
2756499
1135018
3877523
34885
7633925
73213
6733924
265773
281399
681629
6981672
890417
4009561
3377616
2944258
328785
31784
292700
279774
6000175
5636115
265800
3454101
5160189
3972629
1265015
6622816
6931148
308161
1164899
300720
3077784
2435453
6484097
54556
3259611
4435375
3723969
3511237
288602
3724517
5972148
667961
1040557
1768911
3133244
1345965
2307985
764791
1882996
4194256
3260114
248796
28142
276914
242335
2819559
356279
5322584
49921
2169026
48130
5017237
4501648
5688089
1132398
522315
283720
1027406
3932455
3624775
4728326
3226484
293101
7044218
3495947
7010236
681251
2040104
839875
32877
4132240
3958003
6229463
3207894
399435
2887827
923357
566377
5619943
327157
2984539
6114694
7117764
4079454
259950
6582560
5674336
245275
7507569
2268491
568188
6731176
1934865
39358
266307
329534
454477
266304
802465
249537
5788689
630159
3394197
430741
268082
920445
24320
678626
836965
7137104
431628
7789587
7283068
2761520
3383708
4506225
3962716
6249215
29536
47699
21688
4241443
7133952
6622796
4895620
63418
539537
742231
7847195
4959466
816085
3381656
2018201
6684632
6328605
6581048
6084287
1847842
7357008
5839795
5725835
22130
50594
3647591
329504
6013502
4981370
4740672
1617284
945551
5379345
3560937
779582
324268
73307
4573508
58561
3150897
253397
4021497
5745348
326888
3555171
3957835
3925613
1779371
4644643
5287318
290554
5394634
29373
67149
269374
1922822
1986806
2889104
6019707
3038482
807311
7155500
5661525
1256054
1629507
326936
3930962
5143991
4685132
6305996
242479
3963974
3570362
1647564
4393534
1553855
5769823
3730219
5069839
5170072
5389007
60915
954243
6990515
327115
3147964
28591
2746172
3573321
682066
3175808
4028542
1877580
5388597
681199
628069
6826650
953343
2924368
758819
4629827
802197
6589297
5609876
7578040
2537103
1095467
534645
5325759
411960
4352283
255337
285969
6837095
72633
5357070
34377
2957622
4192687
2033370
6794769
1178024
240300
6589757
5723283
238708
802204
3865519
291233
269401
1530812
2890118
660393
5288612
2474393
297962
4500418
7538637
39612
3991348
45033
1102283
6177723
5333770
73536
7979757
7117283
7959576
2731594
6861542
410798
271158
3990528
5825768
5095229
2247182
263337
682164
6167977
34804
7731361
862966
30974
25633
5752727
5803522
7221818
327077
6195162
3070823
681543
6891073
681349
36880
1009193
315542
3413261
2283942
4229687
3647128
714280
3758009
4332921
246961
6208615
1400510
3932993
387553
5233692
6033630
1744353
478825
53030
266137
5670211
39342
954458
5368187
52485
535188
281391
2703321
1483089
25001
1989807
35748
312156
49783
7911087
44132
3086947
682124
21031
6042769
2237097
2798485
53163
6233247
3958705
719434
5990959
712332
4496729
57445
4861649
2755127
5081614
2658303
39357
6588645
64902
743079
7388973
2959101
2590308
50811
6048358
7792010
3957841
5753962
2782765
567987
3652070
512518
1985076
3949745
40065
53238
5971855
573956
2696659
2268461
7927769
64295
37887
49307
781482
5816180
1454879
1241397
1214254
3949679
979435
1226693
271484
3605158
61456
6049419
3172295
5075446
3928846
7274801
308552
7980807
2953758
1244997
4422211
3149406
3630691
3068479
64657
272589
2864330
411935
5737854
2898137
2311224
59492
247062
2267048
287852
55166
652440
875807
6171990
3496232
3126213
6540979
2333750
48774
2218035
327091
415500
7964298
6707200
7839459
5343702
2368540
39046
4466709
421388
2735299
245578
267361
1954241
7767742
241469
47712
5737819
6885004
33718
516575
3716080
328094
477221
3136870
2655140
1124866
6587633
1543967
4001154
643316
3891615
35726
25619
897242
5575250
49589
370972
2545826
7416459
21088
5170743
62761
268099
4538686
3706150
621877
3521932
3722174
273405
3884621
3836379
56513
5189337
846819
534879
280540
3044001
413338
1233428
314995
3061126
3259445
4321371
5562579
802351
2674693
7539041
6713159
34549
554898
5642624
7079778
541757
1898031
6620762
5715227
50348
65468
66808
2344597
2635129
61536
2929367
5080386
6634549
6641912
398104
264914
36828
2711623
2729970
58945
387419
251226
7006201
897706
3922859
275031
272503
6090637
807067
3823709
263812
2790473
7120361
2699232
2799087
240276
47259
237915
3990472
7500849
324924
5743808
680581
5459917
1160260
682187
2958834
2610088
65010
263920
307633
7795984
7733578
357914
3733724
4688703
3416295
5572703
2801231
5068916
314602
263547
316321
2130696
281549
3009023
806899
3253983
1636671
65851
1566561
876002
328316
712852
1092170
1368424
1665314
2964440
6229169
305800
59702
2943747
844026
275383
64363
2922424
719937
2570273
285774
1240804
682030
2283957
434616
65849
3158690
7073174
6860762
2763358
274241
34132
4706642
390150
66627
2236701
3529886
504785
4435386
39096
5325769
785287
328173
6622217
44559
807005
4543291
6671409
6772254
5124697
395911
4818362
72882
4497167
6404291
1931917
5987158
5139108
276876
743054
2536027
4417874
3362311
7800022
954121
7868051
2514895
409765
72981
1343860
263338
1669256
6397796
57830
1341092
7219280
1233218
329370
680955
280545
33584
2068201
396399
2052220
2349393
267128
5128190
1343404
72412
311501
302011
5857211
306376
1541498
1963270
2040544
1559502
2959185
3675034
7730888
2951233
5011507
271864
915902
57639
6658897
319983
2803068
245494
533602
62577
280149
2582490
318469
6939256
5729669
273480
272717
4184609
290046
3271920
682142
3346019
3438070
7777237
273508
276785
6080495
2630323
7633246
7008302
6579437
22284
3164493
36151
6405200
807008
4869535
1542674
1774509
2396275
321624
2956924
3107074
1098205
7524994
2932132
681842
3730220
269552
4262838
4895390
1349867
2249832
877923
23233
5362739
33714
603592
460430
23344
22097
31801
6114540
7813443
7789272
5834165
52978
2640620
6130037
3759283
794763
1522423
3052144
2633507
22784
7802347
635045
3922392
318566
2880016
1501599
1208561
1365727
1215224
875596
4846304
243334
2672627
7932369
5995357
269599
1771918
1025465
4597429
1093116
6120340
601985
2770587
6957980
4905799
5215821
2230283
260418
63774
73187
1209052
62668
238536
35102
805369
1037101
681742
680651
6538600
3724643
1610285
269209
3353704
6900113
2857488
4255979
7679204
6133922
4829476
327815
33703
3726571
1095242
247385
1423568
7127419
3884993
682570
20420
3511272
34114
4466447
502380
3958860
7063531
1852938
58281
6875626
52669
3542514
2162649
69157
5215449
255521
71749
1341480
5099479
282477
3760483
7770197
6206765
3925029
1786567
45102
6967072
530911
6305836
7731828
5603331
1109765
303046
3519575
6990829
2119596
293367
320185
2665172
1028073
72706
1463034
1077182
539642
4134146
328431
2747316
7364720
6678240
5804053
2764817
680728
2660400
7825908
60279
281567
8023644
5744181
271539
275284
44317
680524
794852
2215494
4009318
2353503
273009
6627487
7274417
596284
306476
2678348
2559197
6915583
6618615
802682
6679630
73469
6146258
41255
807464
2942539
7561696
27650
2131167
60895
1847743
1826086
807621
316121
33648
6876731
5515166
276300
37286
3196426
2817694
7816918
3423152
7482906
2744631
324948
7330057
316107
1988005
307609
2667576
279656
807539
1354845
5788103
5822485
2031037
29393
2948160
247229
248172
52638
3170682
257524
7592661
6662151
2301512
42190
7840911
679472
1211827
6900320
882694
3608057
898153
7502018
241954
408985
49465
6608920
4625703
34988
1427133
1573735
71907
59108
44994
4001652
326850
6608232
3951583
2258367
278953
919187
1547667
316892
33899
3381729
34236
7371475
3857516
805440
34232
322791
1994689
4409866
5759857
1110450
5284367
323964
321847
284192
53884
57653
297322
715321
3914278
2904254
3302536
3930798
3930824
455849
2705320
1533853
33644
47779
54802
5168274
6379541
5143071
63189
27270
2337548
6678305
1023969
33087
275912
785463
5494687
277667
2234226
276925
3491261
7074117
4501777
6122576
238989
7783997
1934719
1915412
615406
44776
6815343
237918
6143173
72425
6584665
5504578
7316841
31844
6071590
519105
273332
2400074
6292039
6212416
51546
27553
306295
46735
6660020
3994948
1178448
2503070
5130961
1668590
802812
278310
1214818
5739522
414938
3596387
56773
3542342
27171
7497129
2834425
39193
4497085
73309
5651027
1131305
7954108
4241401
51545
1109922
3268025
1757344
7045214
4823866
241380
369966
1566871
241302
875766
321863
3247223
29096
4338265
275382
51535
2677810
3149374
6846096
64850
2016228
280121
2042113
5996694
584946
6547929
6009161
7562906
5373958
27606
19983
252958
574204
2268168
681613
5965509
807521
254258
400426
1355900
1627303
4171958
316027
682083
326513
681955
2765310
48322
271258
58516
238471
7697746
3362450
2260148
6814253
23058
59533
6703690
5770645
22519
7006265
5099009
303092
6116744
2839458
5083040
7957847
29583
1137881
6975434
327414
5790170
1426464
3626520
681460
3355983
328273
7504301
5715204
573898
59833
3619614
278693
263037
4478790
3086821
327798
423247
5758170
29290
6385697
22607
28152
285409
7806962
1514883
302369
268044
2921887
5360692
2639604
6602123
1065053
5083512
6145798
2056627
2881934
7813280
7808164
1092156
273070
5258621
3345946
809314
950927
4027795
35820
1273054
7465833
4662837
4496874
1092900
1817328
2761622
6329858
326903
5150304
6235487
4496882
266605
1229122
1584120
4984291
804083
5621999
41234
4391496
7766833
63845
2745438
241081
1793506
2986918
328486
3147924
453906
3189899
3469352
2594322
528503
268222
3232380
6575381
6384135
1139059
391921
3579598
3877377
273344
921795
265823
5085375
3885735
7001119
2754963
6670756
5748392
4528988
250246
3957515
6957752
6992044
6809949
2956820
282798
325614
7678390
1229118
3294653
6442344
269516
1334991
6081853
37621
34326
329311
3486578
7469926
4009067
1030597
2821727
2179028
3675904
3957805
6040550
2535411
1165978
7388224
681685
5377791
6384583
2537407
329356
5358397
2966813
3862025
7913313
612228
7483289
1334625
247731
7010869
324137
32316
285932
3725439
3577356
273849
7931472
61012
33744
326335
7867604
1324734
275633
2406923
1478569
4985096
3094922
1713736
877400
238738
309800
325596
681838
7746199
7953705
1277691
6570823
6029149
295218
6219056
2744035
35118
5725987
73735
327560
243730
53970
280997
301826
53530
3922803
5756726
556726
2493533
2724494
268991
3750465
1165901
39560
2764743
414415
54904
71924
24002
239593
4016919
7410736
260913
1010154
4440425
1813131
6794038
273335
5437001
2959457
5867638
295080
2818668
1093176
280368
276932
3147927
5186786
2968941
5335442
6695977
1135448
310050
804399
3170581
1454026
2718440
6093188
4404739
2016897
2720735
7051149
72377
271358
3921800
279294
3706496
63655
4169727
3272152
2570934
43151
5972739
303728
244921
277168
3311842
5779262
1103039
2959375
684676
243839
5732030
1400876
327906
20598
4755839
3338469
1910616
7927811
3651231
2741020
282188
5199935
2865985
1713713
2526223
295922
272404
2825564
59410
305634
41211
7766680
2115594
8013221
5226779
322272
534640
1078074
6029117
1334509
5355079
4660345
6958000
627763
485373
1354871
5767584
6046786
2824202
4629508
281534
5790155
2957877
57865
30143
2627961
314582
45548
49093
48450
1153957
5394644
5369922
1224650
2735268
1227185
1133257
7918412
2642856
7795617
703339
7760757
3832032
28788
6581311
5983882
3991404
5856678
3927956
807696
296303
4341901
3637830
1361512
803300
6168882
5065809
5170100
7865257
3598143
1102791
5287387
1426043
5102114
1047654
266645
4542379
2056242
2265547
5445884
2992097
5868186
7127629
60081
3989804
3344244
1154157
5726323
7791086
1570109
5496341
5956095
6993653
804059
3402069
3732739
681896
3109369
823550
3038978
3542504
6338836
1920814
323356
1813094
1365860
5354789
279563
22856
4393623
1495430
22249
4597404
6365634
4429085
2259445
7741057
23546
44640
1214910
251554
5804056
5740579
6000172
6301670
742941
5354723
4597976
6203016
598724
329170
