4563193
5257415
2694191
576616
2864632
1281946
3711016
5110915
1685454
973192
4372415
2289153
1706642
3756287
7917964
4100984
1879966
1311678
2837932
1286068
4463304
1903783
5706072
4410064
2055734
1458041
1253340
1494120
824993
346298
6006894
3045210
5769315
2183062
2222936
2004318
1869857
6589704
854499
1288960
2266078
6820864
1601497
330073
1201275
840533
1142173
1256406
3187543
1304903
1141924
3382630
7293601
2915140
1329263
7851927
787835
6164336
1731821
1901459
852403
735467
7849653
981184
874360
1790637
5541968
6690681
5617291
2176875
6797822
535150
1810263
4317630
1877263
7968381
3225519
1366148
1416392
4951023
1570125
1415455
859971
1279865
1915048
359007
4770933
2229472
3395266
866272
2817637
1903560
2265429
4516678
5261791
7964602
1243025
2624596
969587
2709792
2469322
1172715
2853120
6386944
2711187
1248388
6111440
2411136
5963894
3531071
1512884
5566205
539400
6712709
1395464
1502706
1426324
2065879
8074436
570744
329916
1619749
1491672
5046915
1902140
687473
3298994
710155
551900
2429182
6783968
4438233
717028
7160103
3471036
909258
3459189
2437638
5087773
6621351
1208120
4317906
6875000
8305787
2693739
3783917
2908918
8014774
7842064
2787242
8244578
7305889
5030028
3518250
7206349
4522077
330094
5690568
1535164
1305235
3523387
3550823
514300
1993266
1675632
2248611
2225361
1403593
1390750
2688483
675484
3562632
7859498
2828903
4303605
2845141
866195
4633303
5166079
1637805
717011
4886635
3451892
970935
2597617
1402312
1147637
1822179
1784847
1355863
5666620
2940849
2409297
3316004
2578
1686397
1794967
6453349
1687286
5809665
1451286
8279652
2704251
1372099
6149426
4877991
4993558
1152384
2079080
2268759
1236796
6004176
862435
2532481
7864361
1834196
1355844
4507692
7977586
2532412
1703197
7872830
2826344
1296858
3177415
7876259
5013264
1939950
1439699
1918335
6804574
1251899
2062027
5024555
6169543
727789
1227422
2909255
6546954
6148728
4903013
1333123
2090039
5026870
3257696
1947996
2839066
436672
2707938
4387888
4546637
4566610
1174960
8187767
336806
4388487
6688574
7786952
4557025
7275486
4947714
2192074
2185222
2791809
2327978
1136000
2096643
5098827
2177003
3243665
1200273
627842
1546163
1539882
1387828
1237138
859547
3518382
3562706
2073933
1853538
2427571
1237369
1157828
855354
5575178
1279883
1661851
2166760
1061016
3610793
3947219
727762
2714260
6779684
4907383
1206863
519540
505976
8031324
755763
2334836
619200
1082777
2489900
1170926
340505
6694955
1853429
8308811
1439877
4510664
6867395
7984959
6623816
2042132
3775517
1000216
1138652
1908954
1048516
3609559
7952504
998225
1315442
2216011
2408994
2458407
7921962
1398568
6795874
1731823
7447433
1279989
1285883
2944053
1983718
5346005
1321880
5745818
4181329
966746
3834097
1455707
1920022
1559817
3442099
1118829
2432086
1070842
5092992
1976870
4628109
4296717
339561
6564583
4388696
7951167
2993943
1600595
4127147
5834078
1238870
1415494
1021063
630494
3269772
1172396
6719168
2118775
4725490
7872666
1249526
2532414
1824864
2502580
2863393
4784019
2669146
1370348
5056285
1510042
5009443
2077832
1875858
3804862
1680816
2832704
2082826
3056545
2175450
2807806
2181592
4151342
1536004
5418592
5175049
2174778
1528107
3608304
646729
872248
5617949
5651029
3412593
1062727
859882
434505
4079352
339856
6703442
868547
7603471
2160663
5239065
6726982
5661158
1194153
3098070
4350917
2412367
958195
7948479
340025
2185212
1236843
2054962
1737126
2086354
735480
5946709
4489806
6162939
1554482
1826781
7153341
5566473
1069599
2228145
6591715
5709069
2009241
4735450
6851321
7586181
3536312
2378308
2291768
5130641
1087859
4368174
5815651
4527948
1638500
2142521
4806933
722749
7223277
1307152
5714045
720497
3670341
4329473
2470814
4348286
4426525
3581815
2866834
7968551
1006337
892179
1906270
1210607
4558672
344151
5030245
5649348
7591235
3382694
1129965
1085964
3567375
1534868
4359643
1264592
4715060
2003625
3760664
4392349
1059440
1767602
8308898
2737185
1427385
506237
1686973
7974204
2182475
7679336
564123
2285763
359384
1819848
4421064
3836175
2571791
2364951
2295377
1410665
1623818
1203866
2097862
3270704
2917305
964343
3236366
344114
1172813
4503594
2143930
549321
741278
8005583
2826201
1416821
868415
1658737
4127487
5714332
533141
1855301
1012973
2176605
4568221
1892947
5015401
1731829
1222715
522985
5769303
5483606
1336199
7906210
916755
4644332
2139151
456200
5893170
2982370
1307067
5480558
2059157
4940461
5027105
7950432
1281552
1242663
1828474
6677367
4512309
1365389
1238891
1359266
733904
2079797
1258424
647601
1896079
1531327
4080204
1061653
1702371
4524942
3539231
3222589
1476898
6373339
980436
590879
2057576
1860085
3074250
2717879
2886589
2783326
6703420
638548
3657306
5930908
1500416
1905455
980529
491086
5153367
585078
979461
615786
2721661
2895466
6026125
2216586
878738
1235208
1248361
1172721
1513941
7187775
437002
2857771
7147850
1386232
1307633
1131063
702600
2138295
3039398
4317985
947267
1731675
2268368
2178583
1284228
2222847
3383637
5035359
2121149
1003494
2717874
3015575
7558009
1463519
1781633
6640110
7918033
1123098
2314623
1706366
8038682
1015142
5240842
2353225
2177070
718758
1253563
4940955
6688527
1794450
1293115
762927
482409
686858
2283407
5692006
7414174
5054045
4554999
868953
6457924
5217079
7996638
5969501
6968852
6764789
1447031
743048
6484443
800821
1011122
2205602
6683733
5568931
1022450
3691613
2258117
2449253
2409112
1318266
4548644
582421
1600875
5243133
4954983
2285681
547420
3935220
2291822
2498807
1931558
3112583
1923510
1018936
5115753
3452701
4553884
1906869
1423199
1667223
1862072
1386730
775276
636980
2412403
2932040
1930411
856074
4452302
1275626
1327714
1531330
3603583
5970775
866884
1595315
1900585
959879
1757078
1200939
1726207
6813330
1215372
1828923
2008586
2517794
7954124
5011689
2413971
6831579
342951
6549326
3834224
1239080
1292634
6680964
2661878
456606
2136786
2679830
1941575
5027716
1408399
7262807
1386459
6639081
1283452
2870538
1834097
1273908
866273
345201
456616
2150446
740593
4001344
336368
4364126
1424532
2826600
816720
933629
2503193
867850
1502011
1976516
4448194
1926362
3989875
2707039
1344327
1386241
854400
625745
2570578
1828347
5115442
2266236
1831896
1032284
1796548
2351642
2935477
6632872
984975
3523598
2409304
2214031
1457915
2047294
1271568
4593937
1898560
2102057
855625
1207262
2932868
2766848
584053
1539195
1167567
5464130
1918317
2416400
1607158
455047
714960
983467
7134965
5141035
1774820
3567393
3974243
2817707
1938506
2413393
1881208
1719645
1066517
721997
760011
1912243
1116178
1406354
7929819
1503528
2130839
1138858
4600619
1477231
1262367
1562281
2805
3791807
1369775
3982338
4927007
881542
1099196
3787170
3115441
7181460
1628197
2117614
3602979
679791
962191
1646375
1196186
1979788
3058746
5714214
4344760
3968154
1686892
8022762
4657586
1701941
2992255
1262640
4784036
2003670
5762750
1748416
6683910
6703373
1123278
4430098
1493002
5887791
621855
5970760
1911400
1539992
3057749
2102011
5025118
506766
1614554
853898
1702511
2143785
907268
436362
2626624
4433896
1539890
3037
1037645
2416407
1873003
6882925
4927010
4009361
1845074
4532135
1048112
3626344
1852621
1754604
3586293
3388914
1563778
456536
5322244
2631883
7935945
5040460
6823033
491133
5886308
1784919
6677019
782322
1615451
1294403
4618530
2108519
7975761
1123053
2375720
4433935
666709
2238507
5019655
761465
1852433
2118842
4102584
968829
2132447
464563
2856496
2944767
1862107
5718329
2865864
943849
1170565
2174183
4564137
1726819
4147922
1476309
1547911
1545332
1859875
6627573
2367653
5058299
5105257
7189418
775195
2245605
1715780
1296961
1315193
2343019
4482142
2409220
1676387
2308988
7359758
853930
1278947
1516277
4742414
1658496
2671678
2864620
345606
4417683
6679000
7981264
1220194
4263357
4093634
790273
4398466
1296875
2052218
3666257
1686504
1198469
2304927
1661833
6330180
563658
7950370
1686545
3748301
2171049
2744183
2680655
5566654
3056792
1442172
1318142
5946081
3106817
2002609
3355055
2631284
2781668
1086745
1701614
3247798
717454
1547996
604020
6627477
5018039
1475356
1316037
5225849
1302777
3754506
1171079
1453735
890067
5762194
6586335
1619887
1389943
5648848
5187378
2216276
5752625
1000167
1317470
4622805
2169769
3434039
1258811
1121180
1726867
2903110
1510677
2079771
2107093
6813228
3150307
1512865
4726229
3841975
758546
1920409
1856745
1915767
3158207
3269100
740580
5125357
2199693
1870527
1004731
1950086
1617840
863680
1359600
1774888
2045418
1404441
7276515
3566285
1120251
2162784
775692
338839
5014165
845632
1403647
2469326
6816375
818905
6861938
6811040
1296066
2826353
1662279
6624367
642171
1554504
1122706
5019705
3274291
4952581
7921550
548235
4954971
2097480
1385985
1827589
1909035
1102354
2090033
1104875
8308839
1293117
4466600
475264
5882678
1307295
1310719
1718339
4367508
5566596
6589696
2516548
1174945
1675119
3256787
1556145
1420891
2515903
4712972
329920
693833
1581075
2895397
535860
1991889
1210168
5623477
4130368
449766
3775644
4502518
984540
1612623
6598686
5854138
951421
6635649
1693294
4851682
1307035
5961403
2727302
5040449
1284930
4471270
1582446
1135970
4615757
1599418
6603028
1281285
1623337
5098888
2307018
5967353
356074
2458304
3476603
2296989
7842083
4500026
3237626
864124
1667330
920810
3077610
460892
4318064
1542390
4796002
948574
1116481
740623
4654198
3742753
345431
7838462
3267187
3411649
2039765
2025224
1674233
5011788
2266338
1333065
1134211
5632572
1359945
1296936
7128726
1703077
1502190
6136803
1346166
6730132
1272315
1365971
5015840
930976
1920407
5470917
931595
2340305
2989105
2391220
3389914
4717714
1686842
7586205
6466353
3697106
862352
5140076
1609255
586872
456130
8290177
1006135
6150356
1649186
4483949
5136819
2246802
1955964
1606691
4490168
623545
1579548
867490
1635601
1719706
1574720
2011145
1415257
1298118
2418731
3797083
1234914
2998431
5048119
2178851
1430445
6623984
5713572
5779948
8198073
1897564
1366081
2927906
2444283
1113463
5002454
3188772
2675877
3210427
1112544
2466463
434681
1108241
8026719
3297371
1554286
7923429
2902422
2269250
5769276
2755877
3799956
738308
723753
436356
1593160
981270
3933699
1254679
7966891
329769
5493303
523761
4375646
600442
5568868
659920
5967558
1715514
1972288
1531226
3088905
1240379
811535
898302
5665210
3972131
1135936
1043364
2119444
7451727
1606751
1547081
2409289
1102838
4464296
2061401
5093920
7623580
554123
672923
1279553
2152538
358616
2496432
2815490
1467521
5769351
5671112
3891999
1682590
1790634
2911853
1069605
2232705
609779
5787773
2671702
2700109
1292923
1642956
1680838
951435
6768736
2245159
1838419
4636674
2220687
8298346
1897624
793388
2043549
4127279
434825
5095741
6843399
1324387
3985177
8231742
6811028
5364132
2108522
549435
549339
2223040
1706498
1370196
1771605
5428259
2207409
6739361
1113144
740567
5278247
2170857
520867
1810985
512331
968736
8198035
2154815
4774165
855040
2278242
5961459
4134681
1176504
2943759
2303235
5041282
854810
2456642
4554807
963127
493659
1875049
1586774
6864343
5034051
5865335
1600815
2507910
2043384
7666619
2002634
2800683
639404
1317760
5238693
2174155
341800
380546
1439662
7842072
747380
3069711
1411024
2139076
5566478
1407614
1638544
1439783
1651086
2496504
5128806
1705710
1450235
1410047
1694555
1021881
8290186
3859466
6583208
1234352
1590164
4442005
2005651
1619926
1284244
7262812
1530558
5909585
1793706
1232178
6797761
999685
1753978
2511650
2160344
3491791
4952637
415940
5250824
533200
7927041
5769402
2114318
1306063
1365979
4482630
672895
752842
2028945
1600141
3678917
3039807
5014178
5566756
1885086
401593
7256691
2769307
623510
6377713
5275053
2699292
866839
5442436
5003689
2141314
338844
1619603
2314201
8096482
759916
599155
464583
3603126
1179224
6806612
2090139
5049411
4268898
731175
5959954
1243087
2192595
1837661
985936
2194123
2092288
1457492
858847
1290448
6081765
2676171
3170824
1283864
1173857
7157840
1941429
508100
1566899
3445450
687845
4900855
6813260
2096940
3250160
2782023
1138839
1706310
1584085
1349777
2072008
1781289
1370052
6034391
2110480
5473567
1189490
2921251
4577606
1695610
2390373
1396130
6443706
7777887
546952
4541100
2192365
1038546
5157255
1716136
1531539
5011922
3687587
1686452
8096456
1240405
2590918
1524744
359923
2071802
3032706
941888
3947591
5809719
5042627
1192993
1171533
3780373
4576689
1510067
1352999
1343305
1832056
859772
1369734
3932770
936985
723585
6565803
2258604
1281481
963920
4559286
861676
7679358
1041264
5669754
1748397
2105157
7911312
434605
3762450
2161892
8279664
2084488
625565
964281
625853
1664063
4548421
2108903
4348312
4398484
496813
2438329
3834364
1512854
7872188
462377
5011962
1571967
864543
1272662
4755390
2486122
6022249
1348376
1398642
1298091
2235308
7974103
1361859
815438
744437
1071870
854402
2183582
1745580
3182254
2062373
1386194
1822014
5108499
2077817
4517154
5882648
1151415
981284
1751393
4592717
1165833
3716164
6825552
1331201
1190948
1643594
454560
698555
1001886
1619791
1420783
867027
7962379
1792036
1264439
641079
4587014
436466
2186561
1298100
1226305
1116198
866702
856597
4553634
3288811
1294700
3045193
2114426
1870441
2134043
4997814
2667257
4523992
1861835
1351503
3999484
4276423
7921761
754696
4603208
5985104
2394278
5207984
4051733
1225944
4784034
6562380
1411120
652985
1550634
2386219
731680
1108114
3045145
6627445
345521
1451782
4375535
7411209
2665184
3404595
5414156
1551431
3245767
4377717
1667141
2063630
1391913
1677850
3543251
1448292
7884737
1566595
1860112
3999498
3775148
1692472
1197325
1586380
1218533
2624694
1077312
1268267
727872
1130164
6854715
5020380
6393515
6566813
1331657
945425
1277737
1931664
1583680
5720523
2094560
1046264
3098744
1268835
6894569
1011273
1102575
1044847
5457382
1922116
2900984
1011741
1082804
1412479
4045605
1209758
6779678
3275473
587556
3766319
3425744
943720
1594504
661755
2982231
1351581
859832
2278436
1039942
4718785
2405717
2861841
1305712
2029023
2844344
1945393
5022431
3786198
3160334
1264648
1695623
5372789
564561
7035938
1281529
1683366
4705986
1940020
2456705
1268236
515906
1604925
3103324
3177475
483078
3135475
3533980
1898531
1937660
3147344
5053325
1178939
3202481
818659
2123357
1904055
3798562
1289696
3860631
1307290
2095780
3742664
1011299
5748708
1331015
989299
358480
5182272
5081958
1726849
1742415
1963164
8285121
1578068
1720590
2933147
7978653
3579626
5040424
584947
571844
850009
1354853
560973
7949347
1135588
461132
5854173
1305512
1346706
2389421
3012387
2390552
1677067
2154743
1316957
5995094
3535694
481912
7884725
3683316
2192033
1703096
5943621
5953660
1456331
2248569
1808103
1439475
1678524
1715840
1678649
8092918
5985068
2024919
2070488
502819
1055452
3191726
5720524
4573655
1919969
940054
1659048
2347382
2319722
958614
1091431
1819671
1441337
1322581
1207045
6145971
7295239
1289101
1251929
7935142
2775230
3027480
687763
2267275
4931184
1953344
2372129
4579360
1713701
3533568
4095113
3267149
5266799
5854860
2217420
1235080
7679289
1349824
1418412
3955915
727848
1466093
3637286
1778398
541894
1586535
3677289
669484
622405
2256709
2297015
2812617
1530932
6030080
2758182
6760572
1136030
1396791
1142157
2248622
2053355
3492691
4631708
4046946
1823195
2285469
6695214
5352608
1127887
1787160
1142291
985915
1658599
2698790
1661875
1764171
1702054
1063191
1949781
6883658
1901443
1118162
2225090
1878797
7038136
1558937
2592688
4226950
764601
1715616
4510638
2990224
1320512
6299874
6791004
1429272
2006324
2178756
1430889
3850924
1404481
2117533
4762525
1323065
1349334
2812553
1606856
4081025
5997532
5072862
6819378
1546796
1158701
3216140
3156842
6990046
961294
2248545
1413402
2044997
853211
1885677
1691484
4417532
1338651
1813107
462559
1080719
1818195
3836051
6398945
481334
1770374
6452925
6029903
3587504
1043615
1828447
5379605
854513
1651097
1135916
2378603
851895
2231780
1623563
6760624
919416
1218728
3690525
1595048
6133882
1593467
2051906
3050937
1112844
856419
596522
2253052
4317300
931592
1693628
3674777
2429230
2046945
5865341
5016701
2003555
2440578
5082984
360297
1466138
1388683
7253269
2765395
4647825
4934264
1359925
2056609
1368380
1366078
1105056
1508319
516098
3384647
2883074
1603725
1906302
359736
2807611
1160591
2476387
841290
601715
1683829
6631755
2140252
864844
1170955
1084646
5961349
5782803
7790491
531970
3443372
2248607
1415353
884199
7916716
1324701
1855264
5383144
4521721
1614987
3140188
3250820
1430666
2057206
4579386
455974
1623694
925671
1232202
1599370
518106
2721815
1639313
2788825
1726861
1750354
6011981
556611
2099563
1214251
1223856
1335712
7917119
4179655
1764185
1512799
995749
4283965
3775147
5644253
7909620
1567189
634742
4414682
1654682
1973147
1834092
1688058
1440180
1142117
1132762
2533077
1845392
5982242
1683708
3695454
3215863
6831577
1784755
1235482
3077950
7220592
1241422
3757334
5911587
5990633
1309903
6451139
5766885
2343083
1646128
783645
1033641
1823249
2461865
2932831
7742429
5129948
2864090
6878296
843448
1205038
985933
1689322
2874032
995813
3298420
1628609
1280069
1683573
4324807
4118502
7906180
3536307
1590151
3199126
582769
6627357
1454105
783648
1459522
1752622
3174656
1338598
1901462
2792887
1180078
1406414
1539915
2561176
1553055
4131160
1790325
1171177
1167750
4415277
864562
4873918
1565143
1079787
5081611
3815064
1543817
1892106
2293293
7968239
3215709
864563
2266430
1690708
728924
2185194
3754627
1562996
1200262
2005818
862864
1678647
1334875
1845342
3567165
1769260
2428547
1641928
2162992
991972
1783244
3160392
1449466
3056354
6602243
1105299
2861829
1325961
1415354
883928
1193011
1786427
917033
481335
2417555
7838483
531261
1400982
2368801
2270677
1530481
3170761
702579
1323038
1715762
1873326
3629320
3967734
2246911
2483752
5713670
2757827
1784633
5052625
2347861
1391469
1623588
668348
1603681
1290150
782389
1534997
3410541
986829
1338159
6807638
2828726
1660770
917675
6832617
945889
7967850
1517697
464239
1754817
2285857
1504469
981689
545913
999995
966891
578630
1102971
570549
1586813
2594456
1265538
1307490
4455257
2993919
2962579
4062774
943725
1000343
3935410
1829241
4900878
985554
1543212
4512318
1535558
1840523
1392500
1088033
2101703
1891623
924120
655257
1535480
2004567
1246430
6968825
1264757
2270196
6822979
1937716
2515690
1185081
2010882
1914587
4629472
1654703
2927113
1715565
3805406
2705724
5633098
860398
970953
1704230
1562981
866253
1692427
759870
5920143
2082820
3239918
3575330
3455669
1153409
1726089
7256822
1253712
595533
1297066
3345958
2267776
1861959
2223268
1457707
4935434
4521518
3027989
775648
4314538
1457192
856856
855124
7814402
2772293
3002699
2129614
1792853
1904211
1292202
4069856
1696307
7815699
1222581
3411074
2857548
1307662
5441606
1069655
5940137
5015680
7996539
1694443
6323280
1007001
4537897
2264598
1299755
6321990
6874938
1196308
1536350
2134987
3981153
1439087
3697130
1503635
2279175
1556060
5746376
3682100
1248503
2671621
3761401
1507282
1001412
5280323
5939610
1608849
725857
1122995
2495318
1713008
858284
574360
1136485
3100761
6314178
863368
2571430
4721469
4082663
2530451
854620
5250710
1595166
589973
1100927
1640113
4776773
7979774
3013994
1011664
2259300
1202250
7884342
1120325
2419355
1173883
724000
5011475
2692520
3032827
2948416
1692436
1954111
1770974
725600
1717522
951282
1444540
8302034
1940131
1216605
3706968
715697
1629207
1937382
5372635
8097577
3198274
5098834
8088209
6060068
356822
2935341
1984951
1410243
2703315
2027431
1016982
1429636
5733367
3778703
2920038
969732
4426558
6171522
5108086
5123770
3546499
1601080
3150049
5441610
5803355
2895134
1611134
1270709
1142167
1467834
940073
1165114
1207845
1207382
6627495
3039204
1209522
2618455
1127804
8307141
5993384
6791411
4482030
1355290
613083
2931721
2897485
975745
3875622
1701808
5031260
592086
2881707
2394090
2178989
1937415
4415204
1019259
1021928
3425956
7192765
1352934
5882492
1355021
947268
857588
1625347
7949034
1200410
866158
968753
2864135
1535119
1793285
1238762
2266010
1584862
1695577
855751
3305464
1466317
2698526
7894951
6175230
7951018
7557978
1287551
1588557
2815179
643310
2471691
964549
7969035
6614482
1466840
1428311
5896730
1729238
2252849
3419006
3280821
6823047
3084220
1349487
1423221
1208964
7590807
4503085
1186940
1854375
620201
2384603
841937
2801498
5095664
960190
1784540
1468282
640345
624035
2063986
1901416
2452799
702658
6968864
4377770
3081302
4371712
1584360
1191154
6703428
2772482
3241227
1695141
8107693
1808104
2516664
1388372
941416
6771472
1298011
6857997
6063743
8310557
2185186
1958298
1177181
5042607
8297505
1231973
1295763
2121233
6455463
867512
4974732
943948
2877192
4557395
774041
5706050
7964872
3039378
6795966
2268945
2801950
1352993
7951019
3438986
1687227
5994886
612915
3028011
1609354
987210
6864298
3250103
2839780
1399958
1710966
3191916
7037638
4302534
2469228
2189427
2416355
1818124
1266923
2267872
4123980
1235113
4984218
5464580
1710509
8302041
860412
834393
1604952
2654189
4526895
1023237
2856570
544306
5070121
4131170
1143547
1294973
1111891
1013580
1469867
619879
970942
3247660
3670782
6857804
3541419
5115801
931658
2844345
6060589
4030111
856988
2921335
1388323
2561308
5943730
1435309
2246121
1184040
1136464
3778450
8267160
1697827
1286463
1413079
5755812
987193
1973150
3793040
5583949
862137
1672406
1387893
1198286
970880
7952098
865332
1181016
2885422
2752934
2972901
1684113
2139817
6904438
1517649
5233111
4273059
1011449
1306151
776028
3260586
1390908
2389646
1592500
1475337
3135499
2267808
1723631
7715968
1642666
4557740
5950085
5036547
668529
4603939
4931408
7646406
5698751
7856541
1448140
1116430
3230044
434733
1525834
2469334
1513871
1116200
1625462
3201118
1084372
434785
578928
1719118
1057400
1642006
2465727
1874108
1084636
986711
853416
1628651
3439352
4528938
6711381
966742
3445474
1609423
1181017
5752555
5036368
1184225
1248541
7993805
2770134
1003789
588951
3866864
1712759
1239141
868435
2978605
941227
1135993
5989787
698407
1679712
1419378
1459516
2979819
2471355
2667302
1001092
5053547
1789427
1731703
2178028
3012415
5545691
4508158
4674282
1954405
1556068
4153228
976481
1304291
4783068
1683326
1178686
1290399
722677
973453
625143
3757246
3411253
3507682
743645
789201
1517629
2312013
2929521
1061626
4954763
462397
2027835
2223547
8282604
2885408
6627536
5748674
1640106
758538
5947043
1783122
2085861
1726724
5781407
1683839
2257080
1134295
2168421
7780482
1903594
1623805
1695051
4489602
2893736
4431536
5018264
1291971
1551518
1919547
1714085
3939782
5869657
6595473
3742814
1298553
1406570
5524038
1102623
4381920
1293984
5782806
1160659
1235071
7590812
1277075
2931656
1525938
1872193
1016032
2055322
2174637
4875220
456586
2082322
5165859
1233135
7964757
436322
3563697
5567325
1946600
1231093
524897
1017624
1743421
744832
2914171
1365250
5052553
2753296
5332689
1476781
3098103
624026
1948026
2055622
2745624
1544373
1174535
1033374
5038745
1156055
7968238
2086540
5721199
5774996
4600611
4381091
854640
2391183
4684650
6637134
6771541
3873816
1165895
963190
1239120
1757161
7865490
1339542
1696175
1729479
2155291
1699069
1226324
1249525
4515087
6375266
2938503
1526330
4632246
1130410
862263
1367342
765666
1251974
1988562
1293034
1152460
627845
883094
3850926
1695601
1078566
463345
6822891
1214379
2411561
1337975
1695320
4371752
4283963
2267742
976468
2946691
5079478
5025158
877256
1726579
1859636
2238396
1138827
3784119
3402160
8005187
2487166
1953358
3318221
7891992
7936886
7256772
6681976
2229632
777094
1574787
1698347
4269602
1831910
1139295
4781571
6370233
1979863
1391692
1762279
506219
1744866
2006936
3719807
2979944
3836052
1165372
2260386
1864277
1097168
3869866
709128
2090330
6881639
6766743
3546530
2879928
7294672
5039616
1903591
5053218
5714188
1279869
1901228
4468460
6095247
1747870
2123398
4119853
1563777
5197594
1876790
964559
3791278
1456395
810101
1371377
604138
2456737
4931361
2503330
3615047
5778147
2248575
4515095
743552
1336578
1676575
599069
4752619
1561190
3353505
556375
2247009
717044
3856164
5177248
1991737
1451754
4646644
434817
3885679
4463188
2156880
1388832
1940278
1494058
1881775
1852419
1127342
6484054
1579516
1614900
5721178
6171032
2773006
6822892
2259286
1958796
6706984
922302
6679040
1462906
3533971
4553961
7315664
931691
635588
1634631
1349347
1456231
977712
1356772
1545449
1037815
2478575
5039703
6128154
1459935
2066963
4466261
1394054
990166
5082937
4638323
1632554
1650304
4689772
2154687
980430
7637576
4878059
1354677
1203438
1114202
778984
2267001
2258456
1283047
7932137
5201344
863653
2225359
1916919
4695563
739481
5035777
1614818
1430855
2394186
901972
2908576
1199327
2864051
1778415
985001
1457897
3943552
592572
5716515
1491412
435121
1896190
1615086
5322692
5974612
436854
1040772
514315
1196045
1438922
1632636
5994172
1993283
972521
1665436
4660948
1172801
1659321
1066868
5266665
3528736
1300244
1231016
1855270
1943852
2187293
1581997
2987898
521885
2437923
3508072
5939572
554818
2319649
2191991
6827632
5263537
1068420
1276041
7797471
6466344
1832047
480290
2040893
1048131
1689488
2108937
2765844
1600813
1641929
1033654
1059970
533022
2567239
5433024
1581068
2122941
1686503
462873
2036292
597317
1712101
1923343
5540628
1469097
1451317
1561591
3027830
1000142
8298356
5626613
1598439
514265
4557831
2025435
1481142
2259384
2192658
1038685
8301991
2797358
1109514
7410638
1765023
2902517
1033613
4183318
859746
629807
3507685
6162932
1011474
6771079
2090118
3287843
3131193
830492
1340428
1453571
817957
2917283
1274222
1205383
4484168
2052418
1818208
1686760
1754635
7926960
1463475
5052629
2169250
8282753
5408657
1349497
2867735
5803344
3659913
516100
1918111
6690748
1731853
2150452
962858
750225
860436
1797340
3318202
1424517
1623313
1460045
4183323
2566055
6857829
1203415
6771517
1292077
676455
5889756
627189
2074585
1931600
1286379
1629819
3366898
2253272
2103174
602834
5137901
718756
1701784
5577743
1774096
1702499
6629143
1695258
1481130
1726213
5748724
1855443
5177426
5157531
629790
5018713
1216408
2129789
6771507
3507673
559043
556415
1156403
2188047
1683183
1070594
1134802
436608
1734036
5144139
2319955
1567719
998908
4772119
1829411
1540530
627869
2557862
658716
1302240
977734
994004
746185
858150
1427807
2378569
2093165
870742
870789
2252903
5711314
759995
1869226
1507412
1289315
2008677
4427657
6624048
1251926
1329558
4546580
1551711
1079768
2258698
1753937
1522691
2259600
569377
2050304
7014557
2511855
1583520
5821960
1466642
1615069
1302387
462867
1458093
1968774
981120
500081
5066628
1266400
3717741
1235077
3218106
1999405
1869840
1883129
7942995
808135
6672090
2057560
2973787
4483972
7586096
1419450
725741
7861778
1481162
1623582
2247296
1061536
1565061
5868564
4351145
1278909
3438057
1619732
2259298
482412
2170037
1698348
3523399
5157165
854275
2781605
2113850
2050391
1387956
739321
7954176
6021082
1619605
1443696
2163025
2265966
5969403
4534006
1253711
5854152
5824763
678814
2868940
3717661
2291819
2864019
1309095
2067198
3716832
4535642
2067330
2258987
1535988
6172286
896754
4463186
2232594
2990246
2003743
1425713
2033097
2857550
4390849
1673603
6681949
2114485
1163686
4080239
638090
3805178
456258
1466365
1833968
1715538
853755
5034023
7012150
1466186
1612540
434751
1571642
562776
1066083
2182765
1602915
1885076
3016193
4482602
1010445
1292438
5441661
2911299
1169664
3560894
1563032
789616
2841186
2717043
1355009
2972456
4718518
1415124
5194174
3761400
1312345
1892880
462733
1268222
2110563
1328385
720175
6028642
3416188
1863613
4926306
2253287
5261663
1526262
401096
1044677
1946112
8005554
1157776
3935421
1466159
2580952
6318504
856421
1845290
1316045
1296802
1939401
4781111
778583
4131159
860511
5853524
1719171
5245329
602658
1330721
1695328
1481015
1236819
3546566
2081738
5041202
1406256
3521784
594634
2052385
2661251
1939299
569514
5063908
4429526
739068
853271
1598129
1324743
1757171
3780439
3929038
1502031
5011836
2526658
1216409
1389843
6634346
3672706
1297043
824184
1307606
1445164
6329278
3391962
977917
3599638
994537
2314622
1590173
1198018
1410561
3033132
905577
1423123
1528090
3382637
1061574
6060969
7872682
3885768
1422954
1976522
1002475
2304762
5217068
2033349
968638
2104041
6385052
4064199
5645298
1731730
911651
1637557
3113293
1880071
4986952
2607325
5033829
2869175
589500
3285312
1061534
1153852
2167622
862370
783605
2998502
5087606
1172085
6538135
1486830
1338759
3373860
6627449
1901852
1173916
2257024
1551479
2671675
3231914
855727
3461001
1463285
5372594
4708417
1118797
1941391
4489851
2740673
4516018
1593141
639482
2839502
1678188
1917914
2084234
919402
1935059
1520135
1277692
1553151
1745973
1441848
8084839
1296633
5748694
7950779
863854
1672497
1068514
703902
994987
1768999
1993284
612889
1107335
6471490
1129667
1598188
4571377
2057662
6021760
999994
8258824
867486
5266670
4874116
3666450
1218531
2532453
1732080
643576
3664333
976155
5644675
3252719
886517
1203784
7850153
2352858
6563544
7586007
2079612
1046131
1194350
480178
1440664
5420775
5106429
2015543
2894153
3854886
1667110
356747
8095484
1316070
6760635
2181372
3476351
3115440
3786166
2935616
3104331
2027698
356078
2038842
6114117
1202318
3564894
1248368
3437812
1135696
6591456
1388023
1508983
1672387
775682
2968295
1270946
976157
6597240
4693896
874456
2365294
1507542
5052589
5567533
5238706
925683
1603150
3775457
3423535
1022403
1286461
2941321
1284330
1144150
2092240
2255726
1319878
2173941
6703387
2216158
1711184
6109347
5539505
2982367
5082909
1518077
2253067
5846456
1408486
545990
5405572
4426561
2187527
1759769
2096733
459164
616181
3754638
5015833
863784
509734
3398799
5015774
1601033
5295708
4950986
2667457
1294981
1731764
1268400
3012370
4549983
5721191
1585288
1642577
3419013
541762
1336706
7781563
1642623
3959738
4108273
1031652
6031371
1726334
2399419
4390136
1687598
4048359
2978183
2471816
1820022
2152715
6859370
1339681
2880003
2700984
6989318
3300730
3650521
1406260
434187
3626304
1434398
3227273
1408510
1010260
1203980
1305388
1068543
399427
497990
2937553
1987712
1774912
3439847
1252059
6630297
2260361
7317477
854951
3594359
5947505
551869
489083
981665
1711002
2050433
2659563
2837767
1178935
5177422
5095696
1370030
2503337
2881749
2090304
8284207
1771593
6628105
1386614
5152003
2003578
1101923
1674445
2267003
4519618
6591956
1864317
1138849
2435976
1506684
3689861
2774989
1526407
1408565
1507141
2222369
4866976
854742
4934349
1943486
2014885
1101987
1702918
1287404
4167256
619214
1437303
1712978
2721880
2256225
1600522
7921381
2865938
678899
1290200
3807986
6889103
6566739
1552993
990513
2378824
436488
2620322
1775069
7843286
6837142
6779677
7977729
1385614
864179
2400666
1160160
1642674
623396
6771481
454975
1032093
6566757
656081
1108115
2029710
1592945
2067019
2454615
2040998
2444142
2210111
8307145
4992977
5982115
1671114
2711868
2027080
2292427
639740
3353527
1367334
1619694
1296634
1196299
832488
3213780
3045076
1999904
1107596
868293
1340653
1305622
1978827
958621
1239462
2454798
1120310
987274
7547074
5987273
6882968
5286852
5644156
5260084
922343
5630727
2744254
1676339
456076
4535658
2762237
1289167
5101799
5948077
1986474
1341672
8297556
1667419
1630624
2751542
2105382
1218323
1333986
6394217
2431072
5947485
3055981
7166808
5854128
1584751
3260167
3520340
1307486
5943710
3119792
789495
644670
1581809
506960
1643553
1883930
5815795
3533387
989238
964783
6563522
4877652
1167614
1266505
6771463
5706036
966565
1128296
1293102
6566719
851583
2471384
2088992
1331828
6694284
5046911
5027266
1613662
3945515
3318805
722385
1334237
1837825
2270622
6601703
1210921
3052455
1407366
7283087
1946336
2847358
1387746
2898126
1871794
2378534
759297
4556675
7949964
1808196
7728649
1859721
8079601
1976658
4462017
5567247
985371
2270726
4963171
1906225
6883647
6683684
2526654
1165939
998329
8193411
1387849
878613
950622
890022
1721201
2258727
2060027
3792890
8267159
7697680
1508403
6791395
2765361
1545465
8297729
1718146
1210092
2857851
2096946
4038883
2185187
3506281
1687944
1902097
873791
7927601
3150303
8284212
1072735
1387834
1614517
6389471
977300
4387908
2725817
1309414
1726550
1408019
3170764
935164
6862063
5110591
2112185
2193375
3562847
7817548
4545572
6370305
5632947
1018654
1199351
7015218
3170504
1253432
4934320
768692
1450728
1430851
2473359
1531211
1446250
2270678
6369370
2035506
2045259
3564767
2514952
1355639
789619
2267898
1200263
4774635
4880057
1325842
1943728
1425183
5854766
1890809
2141379
2128147
1052050
4774153
537836
1945396
1783402
1110855
1193198
1917926
1292443
1642356
4931447
2167208
1784937
637104
7975739
1754809
4375684
2270066
723157
1336377
1112541
7365940
1270778
3308909
2374597
761487
4167252
1938669
7935139
1160513
3782784
1068113
3081158
5266737
1629641
1834320
1623953
6766766
1625004
5008591
7891907
1632599
1070615
1112543
618465
6692607
7872652
2094561
2511796
710941
2995587
856343
581211
6677004
1263599
5954517
2356970
2945788
1608896
1344546
1582881
1732183
2100052
5644239
3696682
2436409
1479191
2264557
599380
3248259
4353991
3765098
641808
3216157
1349402
1699431
1147822
2467742
987235
2617147
7248382
1330537
748788
2278438
1715837
6322167
672144
964218
1408571
1596580
4762584
1604333
977672
549261
3586260
1506633
3270701
4314848
4702116
5023267
1732431
1172375
5887916
974822
841938
5940167
2169341
462991
5896462
1010211
1606047
1262189
1265431
984561
4471329
2077048
1283862
8310972
2270879
1793425
1563580
3796741
1876601
4531107
1531099
1476279
1836131
2154825
1637247
5923250
2114247
8284235
968723
1903535
924372
3391041
3035247
5178757
1551063
1298103
3297389
1446347
5214546
584890
2747157
602688
3817769
1068594
3179730
1875809
6595433
8102117
1354744
2147389
795888
1354652
1493427
3191870
5020305
3027593
1831119
7923180
1535005
2267263
3324316
3272680
863752
1999455
2275531
1283987
2944022
1481127
7942997
710918
1570130
1619193
605752
6624036
1718193
3100747
1388927
3135477
2046226
5695689
2982218
2267163
2631890
1002488
1178757
2233917
2132446
5893083
2259921
2347871
7061834
6694285
5360078
3032556
1683324
2898038
7918106
1337789
2263157
4044104
4916749
1790179
1266459
3407687
3099100
7679316
775188
3111460
3198778
1721601
721771
1406621
3792262
1330300
1910521
1408359
1015138
1203901
5458932
3805239
1599357
1125847
6826739
4035656
1829556
434461
5947035
4761310
3866863
5023321
1158710
2427574
1408584
3083629
7742365
1295162
1296046
1509641
506060
1687250
697492
1559606
1291844
8107680
1566156
970967
6970108
612615
860164
2258861
989300
1306252
2837913
3142507
1132710
6172287
4510625
760006
3860286
1442124
1037628
1287303
1833825
2032128
7964871
6710238
1136487
2155986
1238661
677318
3116941
1508811
721662
5209516
3603167
605756
4784079
2394091
2437662
857596
5238699
1037303
6992384
1074869
2733942
2863803
6810700
1123024
1279516
1676636
1306037
959350
2227782
2074228
1613085
5048472
1614521
4725079
6827528
456662
4952595
1290651
3797354
5645683
812914
2849997
1172607
718763
1338699
1426304
2252858
1784631
7994776
6044883
506847
6703386
2440530
7918062
4480457
1112595
1471259
5008381
7953017
2932039
2112261
2047430
7921380
1751681
3807453
3277663
751634
1359652
1202331
7220230
2365611
1137347
1283946
2062904
2888143
2266008
6393146
2410355
1449742
8292966
3815159
5521895
1658918
1289127
854683
1172993
6795929
5095663
5516097
3031850
2270076
976506
687685
5975043
1845216
1386416
3390001
3762456
5965901
6864241
5566223
743734
1502201
7251953
541191
7967877
992863
453552
870903
866186
868575
1108108
1242943
1916924
5015877
2479356
6318510
1845289
1328253
4553813
986839
2858638
3072480
1319912
1518243
2476915
2571593
1547193
2319987
1245252
3791403
553853
3137372
1520342
5961326
1649209
1713556
1698525
1682747
485129
623411
2364959
1247698
2950145
2445078
1553084
1143498
3481759
5205393
6021764
3529994
979487
1006271
4955493
635920
4549668
1396890
1354804
7536668
5647429
1835163
862930
2154775
7697682
1657883
7015230
690172
4721209
4283825
1619510
1937812
8304946
1418931
1507401
5029676
1630644
5631165
3241778
623929
1369631
3657002
8215912
882220
7108859
704369
1629056
1694183
3893232
1205452
1639198
1120124
1408461
3784005
1419798
5940142
1979796
1283497
3967736
1088566
2932851
3238131
1483220
4554155
837438
1513050
1552905
1719139
2264998
3232868
530651
553626
1278903
962970
6761383
588059
1709699
855123
1000691
7952102
2903010
5713440
6690771
856710
358255
2505884
2265796
6063737
4997518
1684062
4142234
1793427
1202476
978750
1654572
5950056
7918459
4276153
5568933
2267271
4998423
990380
1994503
2894393
3250152
6739368
1384752
687761
1641741
1419084
1632680
5713425
1456208
5360722
589028
1855331
1211004
1879751
594108
2446494
6853440
1271746
1546464
853574
3198962
2685346
4579038
6591662
4795594
859353
1415517
944335
2052829
1405525
2056524
1752283
1469084
3270706
3564893
1330501
947146
6832623
4489850
7909622
1415118
1371407
7359743
1000018
1301748
7952041
937927
7979773
2785020
7862088
2657010
1742371
523755
1637820
945631
655267
1791977
1874118
1689394
4390131
712053
1445137
3805454
3113962
6462525
4453805
2058788
5170533
2084565
1331707
5748736
7869940
1132767
2298402
856889
2192668
1599221
6683689
2035939
5950051
7589417
7921382
2760976
1692389
631030
2437910
1665435
4613015
527265
1240517
858551
2400684
4505625
1575912
7256807
1573669
2604268
1442222
6863626
1562985
7758338
5053544
1481158
7121724
1295098
6730083
531576
1889757
1291984
1604724
1129632
3497859
3045054
2265752
398233
1748386
5750955
1290112
3764023
8018420
529061
1733995
1443632
665554
745115
3786308
1834087
1326040
1870801
7317428
1683473
1386511
738457
3598222
1080794
1165904
1491977
7480584
1931188
6826005
1022924
5071286
4356835
2152482
4998181
1517708
6804526
1687307
4325893
1306623
1726509
1355297
1941687
1283542
2086680
2071792
1268842
1281211
2058881
858406
1199218
7147562
718818
1325307
1282016
1419375
445739
6760633
4541299
545752
1634634
1874332
7906852
5819774
966550
1170652
1003131
1613450
2992290
802485
671735
1637519
577802
2067039
1553059
1442664
1439634
5847038
2590674
7964755
2049529
1058251
972989
1922123
4761293
6590065
1713333
7901020
5147581
853922
1652619
1059959
4009265
2265890
3784113
5225985
3966157
5115669
2856520
652671
6063760
3586242
4779010
4548940
5052351
1090112
1882164
1216469
1565047
1224613
1139928
576584
1592944
855789
816226
1680871
3873817
2194459
3081351
2099254
3742110
5632544
5695681
1662502
745039
3238152
1121772
1129696
5571183
1304216
1165779
2128853
7998674
5118143
2305883
1767511
4515088
4360217
359743
1411076
6370229
1129625
4515855
1543345
1309463
2046580
434799
2831800
1005602
3847097
4549594
1390083
3786200
1151795
1875708
2418336
1392657
6968760
2112857
1309339
590986
1810133
5890639
1031582
877262
5038528
2267604
3660179
855617
3983987
1097579
6829122
6627251
6313175
1211098
1715946
1080331
1131353
856490
5567260
3540522
759899
3788625
5217077
3093344
1063353
6369290
5004694
2229907
1457989
7721661
1590336
5506146
2154813
1617233
5124624
860345
5052006
2740278
5995337
5011566
3564277
2512509
3427538
2015600
2347645
1283057
2177148
989546
2223567
5085543
3566652
6791344
2259053
5940232
1264827
7014501
6624000
451661
863604
1721376
3081271
2619703
1253144
1593147
2875670
865193
1411174
1169382
2405779
1170893
4952628
2087024
5147606
1703569
2246172
1767591
5781590
2264784
1526382
3205382
6677456
3100597
8309897
1323516
7910032
7251949
5345956
2877197
1712738
6925384
2170783
3540527
3978811
672366
1646994
2000598
1609960
4179867
1300343
7181496
549188
1153560
4487663
3140960
629789
5882446
1332346
6591314
1825437
1106910
1706606
4078961
1036107
581230
3555521
1481115
1412915
1652753
1678544
6803807
4484500
1176836
2128163
2136867
1715939
1456387
564455
1249714
456316
2143335
1110848
1622533
5464482
1741649
5629622
1817749
5058566
1408412
1901451
7637359
793690
1519258
4390785
5990507
1853282
6830867
7901008
8304945
987436
1279920
2216140
2485022
1772888
1108187
1490057
1565052
2870775
