638698
2416428
509631
2530592
1306145
2718393
4886607
1066867
5634097
5718588
1597510
1993300
5755839
1099410
6742554
331590
877497
4631725
1340065
4079187
4604131
2383053
4703750
1698796
3711477
1625127
359482
2454476
4739588
3756023
2259954
760103
1719562
490869
3173782
1127311
439797
2609924
5689117
2444443
2902479
1614295
1778642
1642665
3493945
877250
1319907
2104058
3274124
5018674
983509
3191722
1513214
3116834
2011175
605678
2776133
6133702
2697577
3612990
4732634
1434469
2071804
672077
962518
858301
6701217
6741069
5155831
2709811
2789792
1435999
2136881
1567736
1545418
2264714
5083188
1404616
1586580
687925
570743
1325912
4943656
4622692
1683482
3390013
2127666
574147
5082960
6861925
4466531
2033218
6842363
1091493
2055592
607420
7982789
7953842
2081642
8011450
1524725
990274
8282606
1435972
862920
1674094
2376965
1134308
6549342
7160125
4594634
2994971
982868
7666536
1477916
855874
7293613
3128583
2722035
2693949
4984170
1531236
1434375
4384558
3250884
2503290
1311887
1713682
5040441
2994970
2698028
1352058
2166434
7958256
5157233
7469011
4134855
4658751
3716772
5714541
1594636
2948402
1680839
2719038
2571770
1200391
1686468
3876011
1276069
1876099
3211450
2766731
6095103
1553136
3118303
1429069
5016664
4076888
1243046
2176685
6861935
853658
1247027
2067028
4695591
6156735
6771559
4557215
6627374
1634628
6639107
1841305
720499
7967864
3227044
1916856
2096486
3037827
475007
1482445
1799840
1875909
2106465
1516039
831445
2295334
2864988
1289115
3108945
2783773
5711708
1726188
1499411
5724413
3881202
3210423
5085810
3028983
2352863
2412431
3562678
727834
1917922
1615347
2140295
6600109
1976875
1318358
2414143
339905
1640158
4208952
1530513
415942
878785
3118188
1695253
1265430
1672915
7215981
2061437
983513
980546
1707764
1246973
1225773
6835984
4613315
3550973
1654570
1650883
1637346
5409977
1121890
1919759
1906248
864174
791920
1517143
2086672
1420801
1634620
1439506
2214112
1318414
2266927
2267924
2624638
3231297
7586125
6795981
3038874
7842113
1723633
715710
858753
1023144
2888240
344141
4632992
1147974
592504
7967741
3559642
1349779
919378
4093036
4781529
4789742
1282049
966980
4912165
3763404
4548487
4395438
1463270
1036770
2881609
995066
1084536
2032074
865693
1001645
2181915
1056327
1337603
3382437
962091
8310908
1072581
3772814
3691573
1207764
3885482
7966524
6568646
6989224
2856576
338940
3958307
7666599
1292668
7558020
2752727
3033203
1262317
1984536
2469215
1295033
5834113
2067053
460870
2128901
2108677
339126
1586576
1278679
995093
1509680
1338725
2148024
399804
2182852
4765904
739144
1819122
672981
2470837
2168631
1306259
4002273
1345238
2171033
1637652
3862776
455964
2416018
1338277
1438006
1203863
3806566
6609729
580571
3535066
1421627
2075054
3180077
336548
2409168
1107562
789613
1535424
726725
3674859
4489333
1756860
2299448
1153751
2624721
1546428
5212317
2754856
4444357
619845
512351
436464
4183791
2339641
945674
1223921
867162
1584355
4612590
4489804
506755
5429510
1431727
3941398
1634701
1469567
1468047
1102897
1389525
1434239
2494697
1580366
5272343
5752606
3978220
1496960
2127276
2217477
2169371
777054
1506803
7823121
3720244
620040
2102145
8011521
1434097
3168325
2224928
991105
1496899
2472820
3143803
1199354
1325795
4275429
1289363
2285719
3882764
1702517
1297866
4436831
1712089
6863620
6813281
2476823
5057908
2673030
1482153
3269337
2216113
3519957
2149062
3713400
2382913
2260444
2108638
1959558
7645459
1184236
5815102
2123340
2442731
1256208
5137835
6677421
3368134
612618
1466450
5569016
1637562
7315631
1786444
2405304
621786
670897
4616112
455990
2628734
5778922
1301370
658708
6682471
1307630
523767
6682515
1423094
5014746
511289
1057242
1260364
3695391
1209476
1089623
1869822
2734300
2998496
1147825
916788
951270
5961340
1888684
2890673
1408490
850654
1401074
7849668
4450418
5784355
560328
2266310
359873
2880037
757505
5701659
6628018
6804460
1105238
4500425
869790
2677375
5566454
342648
4329373
2667260
360263
2368320
5984944
637417
7790415
1904234
3497603
1492020
7841248
2182246
6404578
1148221
1619191
1388818
2671552
1000702
1579509
7955386
719751
3981632
4952618
2452827
1745614
6172276
2835
455032
5970817
838821
2808653
3986304
3229873
1368474
2476362
1953268
2960531
2008169
1314398
1393729
1796536
4321658
3214742
2338826
2192144
1297962
1508982
2046219
346420
4648412
6584328
4392329
2162999
1984640
1179134
5810740
5713506
1506650
1923322
6694223
6768788
1937831
1468200
1245582
2162997
5069536
879364
1341015
2119560
5947614
2864992
1308692
1449529
1339936
1716033
3250180
434251
1158504
6172295
3523240
2580795
1156032
1968782
1296569
1704424
4313394
1589916
1384754
1457495
1638492
2177107
949139
3546524
932957
4001325
4697869
1428234
1452374
2205332
6695236
1510036
2805976
783611
2767292
1654628
6132867
2117382
5769441
1306097
2194511
950675
1468164
4487624
686522
868335
714959
1903200
2114512
5017824
4993015
462395
860434
5011206
1977533
3675580
3756260
1277004
1306100
8077220
1148220
2257202
3222563
581213
7044949
1039750
6803843
7933197
2416416
925535
5755799
5059595
579759
1623489
1822134
6683927
2656714
1248358
346593
340562
2866063
2857788
7161542
1418441
4797707
5532339
2131524
854233
497634
5724647
2880131
1127956
5649194
1305645
5058516
1248655
3762141
3190822
1187631
638153
5183583
651705
8290162
2220068
341784
2138997
5566213
5014142
3679972
785159
3222820
1642644
1053696
2794257
3806567
1385969
1281983
358262
764282
4629459
8298167
7904887
1538044
844006
7951783
4340062
1606423
2011141
6797749
717082
854958
1324704
1705497
1432980
703036
1758601
329731
4553836
687385
2382764
5013063
1318221
2397504
863978
1109511
2193512
3519876
3252683
6789202
1426307
7724273
1503329
7666572
1890117
4093798
5002451
564506
8296124
5023487
6634099
7865781
683390
1713584
2734303
603055
2081297
1731697
2068393
1346793
3547504
1698311
1406375
1519233
7304029
2171602
1439779
3292760
1567469
4426500
2923438
1508726
7282835
2266438
2502246
4250666
2258175
5093184
2944217
1582575
7583616
499666
2792752
4613582
7865165
5147570
1584879
1069896
7302025
3032855
5539721
1686406
2117249
2416249
7864783
549403
4426526
3100811
1488942
699001
2895077
4708316
3604609
6907229
4435595
5108407
5947604
4503523
5742649
1469891
1172048
1320997
1179044
2267914
3623429
2188313
2883805
511273
344106
1516467
1749096
2442626
6688885
1137138
1435317
6683690
1023330
3320509
1406513
1334146
3034397
2395924
2068314
338714
4527056
2084341
2476816
925369
854186
2027421
7308234
5566461
2445403
2121236
6685994
1705529
2260484
986747
7203199
5011471
1819108
1573344
2077314
5961401
2002617
1182592
985717
1615053
3392212
3664393
717459
1305861
1361436
1556617
860517
4884879
1734132
2932036
1077214
2736063
5116552
1389689
1784635
7586993
6599030
6067508
860370
3439871
5364172
644858
685910
2074030
3527499
1254849
1180485
8307021
1329214
4541290
2915138
992457
2269130
1676451
1920406
3675573
2223600
1351517
1297707
3999518
1343170
7786920
521942
1781651
2008113
5015728
2314104
6565806
7974039
4658754
3395281
958337
7603363
7778562
2946406
7872866
6694995
2474156
1820064
2229516
2114229
6038690
2932714
1048054
7795186
5058502
863535
1209828
6810659
3562796
4340017
1400513
2258470
2866084
6683739
453657
357533
1508306
1695270
931672
1643709
3782958
2409202
836708
1248952
6482990
966382
2992238
2488556
975739
4421950
6686533
2061445
5157519
1396938
1684314
1456010
3929917
462899
1234702
743524
1537197
1503480
462989
1639095
2198912
7793241
1215288
2839806
3621727
1256592
2176993
4557844
3507770
623887
7975980
1716144
1896167
343127
7366114
2902468
2471369
6797757
1244927
8219145
7783062
992062
527516
1634558
1563590
687793
3384628
1396906
1946155
855620
1857106
860208
1396300
2817837
7282840
3754679
1801928
1097143
4946522
1658878
1186946
1248393
7968368
1702507
1262607
2924405
1237276
3600591
4991456
4593287
775649
2747058
717469
2734398
6564581
1570139
8285131
2532883
473444
329869
345192
1439632
340037
4351023
2140981
1306050
1912263
2169575
628671
1267207
2270284
1165945
1457385
3191628
2774215
7745729
6144016
1153641
1189808
2267840
5113511
2828868
1624735
1315223
5687078
456658
604008
1291789
2624508
4395586
3014098
1214452
1789385
5799462
3246487
2313672
1153437
4340937
2174503
336355
1319160
1841838
1280014
2744072
2516549
710279
1563486
1393561
2004199
1426265
5631975
5782800
5027460
6990066
8300356
6618565
1491995
339553
750433
7745743
2129661
1715896
2216664
4607307
1323128
4388753
995852
1233216
1254684
5058769
2809423
2099907
7923365
5138267
339263
855890
2099510
1154065
731695
1258083
5224011
4554638
5014194
2065694
3523595
4541292
1235426
6627312
2258949
967980
5766820
7949816
2732808
2629628
2289787
830196
5029950
3894639
1392592
338675
1766529
1677069
7918125
2169645
1794977
2014882
1490105
1511485
867514
5332698
755757
3529785
1302393
1855623
1901445
743333
3279509
1454013
7309195
3678412
7931164
1131064
1707894
1590183
618175
1584088
1522969
1634642
1482897
1361226
2223675
4318013
3804655
2045372
3106754
1370022
2621749
502291
529094
2157024
2147104
7942300
6214138
994220
3083634
5140929
1370519
906335
1284827
7923190
3056808
2152593
1804096
7967814
8106710
1053845
3263634
2173829
7154397
1273683
855438
1535553
2372545
2451724
1607708
4546548
2397584
1829502
3045063
360076
2394997
5085122
2507021
496928
3436263
7589368
4419589
456222
7276527
4619316
3675372
566344
1639292
1296695
1825310
3280983
1309908
473539
986027
972469
1781288
5567691
6768713
2108653
929924
7789274
1698790
895175
1086901
2109073
1879469
6116124
5755870
1585063
3390105
1242533
1296587
5198361
698998
1667346
2264662
7189403
4463251
2090164
2246052
854130
2452924
4522190
2775366
687359
2351051
2469250
2933
1185039
995724
611105
2216642
1683481
1450294
2108730
2711425
883949
4517115
4960612
1309087
1331806
6026279
2175049
1427538
6063814
1520183
1319654
984550
1407289
330104
2441900
6966028
344105
840749
7954166
5979756
4661539
1545417
3590837
6695861
5140789
5568977
4375264
2297013
1388074
1694913
2394015
687613
1678882
6316470
5270717
346424
855725
618541
2188223
4962814
6321984
854311
8310970
1361254
5048654
1794907
1458416
1684334
7933244
4476860
966357
2752954
6989237
1469906
5227593
7410729
1547998
1181778
1646312
3338541
726562
1809339
5341401
346407
892060
2532743
2269743
1490349
7634516
4435665
2785296
7546593
6683716
436582
1834122
436380
5963796
4508447
1218568
580528
356242
2720938
5155828
1698541
1210219
2217485
1457815
2209543
624890
3100804
1826431
1713168
3717624
1181179
1439523
621864
1431537
5713582
981267
2524854
7256685
1280034
2067003
2132124
1020574
1189849
1039817
4802702
1833898
7851921
339685
5698858
568004
2752726
615106
3276930
4550499
1552586
1198529
2278534
868666
1127816
7950458
1715496
3603154
1536328
1689359
2178018
436368
730636
7265188
2722910
7420209
2885705
5025817
2458371
4009161
7949664
3677208
607276
1704787
1643596
2216612
2621572
536343
5539477
2874572
2230064
7964573
7603390
339423
1855306
2132100
6486162
1278928
4658715
976247
4410090
5245301
1372660
1289113
4443037
5745803
860853
5789761
6682473
5086616
5021511
4296534
1919502
1701395
5715465
2751719
4072013
6637153
7849638
1104841
4276417
330010
574348
854410
1037410
2646
1264571
2375719
2567805
3519026
7943066
1032781
5840554
619612
7965452
1214168
4557032
2270590
2112465
2353217
2061307
2692950
8258914
1662534
4622185
952754
6985542
3966123
1415042
4448265
1041656
966238
2469324
665926
1502195
2471364
1205461
2112145
4276257
2260487
2006315
3033100
1016854
2135847
8206986
3231895
1768502
917680
2178797
855443
738859
704388
754321
1721262
3456849
505856
1086360
1002792
1309075
818908
1054067
5031600
6586336
5350405
592622
339070
653020
2128854
1277849
2056517
1837875
5084846
724309
1460015
1192294
4283518
2183765
2498828
1148401
1271975
2338166
7012216
4079396
8107709
1841405
7158384
7317850
7786947
7251970
1281797
2729633
1019204
7950854
743573
1202937
673814
5567225
456078
5650092
3959657
356683
6970595
7932344
980692
982755
4333128
6825987
1519538
2697606
1619733
1868668
2002261
2108875
345749
1901472
844870
3866819
2032455
2721682
3150284
4398449
1033395
1079776
6328880
6592139
342781
2011228
2199598
580847
1320160
1248522
6760839
1410003
5610883
5713558
1235095
5769318
2496382
1843561
3678913
5140294
2192388
1142139
2139667
1740348
5926391
6768830
4289943
3966129
1363112
2859
1785365
7977488
4555660
1280167
4548459
3345982
597685
3365956
2833052
1859631
459235
2480776
1664956
1552464
4311860
1966132
4784046
345185
1439513
6393068
459181
5167067
5439794
7589335
1366135
2781389
4725518
4548648
5253139
1941409
1827697
3420163
2454407
3564871
5005655
5058488
1503606
1296667
2136728
1105014
1730999
2295385
1946762
7589391
1754342
1531192
1859959
1170718
1546416
4392706
3562631
1107348
2333056
3031008
2846800
1016261
439706
2266447
620453
919027
5494199
870322
436872
456722
3777314
6606522
1915036
4523050
1581942
89323
2088872
3564866
456402
740621
1291781
5505954
1354966
5967330
2032101
712099
1815327
3696826
1279452
6301794
1520856
2442346
2715105
1363651
2169494
1274033
1939812
556577
871630
520891
872389
725723
5082961
2416125
2728165
5098899
1684423
2380471
2158857
1403439
1503237
1178110
1409176
5847104
1771525
338600
6768720
6986006
1916868
4592750
7715904
2057158
6919757
343573
7865193
5963760
1906859
1076711
677777
605750
1256466
5030286
1605370
8308871
1731686
1214057
1173673
2998109
2987840
2871041
5650066
1771441
2998462
1309917
2141524
3866820
521864
1138644
881060
4604200
5017238
1327431
7536664
1666527
3674781
1279409
1797010
1885088
2941726
1773974
4526229
1213838
5001171
1747962
3533992
1258453
3300727
2071767
1302960
632813
343141
1507389
463171
1712996
2932029
1100563
5669654
2399404
6588282
1420781
1617473
1474009
1953357
1316023
5864148
5575258
3666170
5961529
742184
814894
1402593
2419045
6799905
3127548
1038539
1621168
1458267
1990700
886049
677060
859753
1435951
6623806
3027709
3536315
880187
4546929
3659219
3287832
1827709
2392813
1302157
2290349
1722468
1879938
856289
1142176
1896998
1705666
2483458
7931200
4415328
5105267
7975767
1127788
1209926
1728837
7262656
1683578
4825567
3028008
1531179
2592565
1318041
2638635
751692
1864269
1717233
8022733
1434703
1055490
342970
2740666
1482311
687829
3295528
2275584
3269080
2364775
4557276
463329
2834476
7085139
3618091
1815663
1179321
4737572
862952
3900307
4506177
981409
3997966
958168
723101
5980071
855689
6022736
2173866
3897377
2721676
7192745
5665247
1447935
855349
986522
4329391
7977509
1910454
1221554
4392367
863237
712064
2255710
4442439
1179312
3315995
2178941
1832124
2234577
6171037
613073
1279959
1215610
3693603
1244600
1435729
2143947
2038298
2349142
7870989
2405625
1562278
6865330
3212480
7835316
1553165
2944691
1507501
8005138
3813551
4302495
6991407
5034032
3664211
2113855
6589715
7968048
1651033
963076
4553607
2109693
7785407
3942028
2571730
5015210
536345
6892909
765992
6628108
8307037
3876016
501942
4289405
5020292
1661066
928525
2901063
4140180
6985971
1104845
1497774
7771407
1702123
1578084
1427913
671757
2269007
2209052
1984496
4392353
1031707
3995559
4694089
501964
3691497
5965046
532546
1510016
1624729
2914703
1804105
981350
4627166
3690798
5568862
5794775
637370
7221340
6192218
727980
1154071
3762777
528355
2107082
5299820
1221906
8267185
1455145
2052423
2778159
927361
2812831
5118931
1989657
4395597
7923362
1196503
7672728
4058719
2714219
1811208
1021885
3117443
5130949
1496908
1914532
4270078
1511486
454961
1879723
1224004
1579881
7975777
1241186
686871
1348354
8252670
5024403
1408484
1014744
5165860
5051084
1498520
1420882
4522127
2338095
4418564
3135471
2304629
859232
8030922
1584765
3579435
5713562
1391445
2140073
7917749
740915
2299436
2085848
4931354
339210
1956983
1038493
2158850
2778163
930968
6989148
3602891
2270693
338681
2068316
642355
6804891
2101833
1666495
4381850
2378834
5864266
1480960
2963424
1801428
599079
650274
2209597
2304599
2321317
1627191
5015666
8107695
2169400
2374429
8291734
336805
6835319
1865535
5091795
5118137
2169353
1824838
436904
2454548
6041411
4841798
6783978
2170570
1110871
1666525
3775486
7949048
4570974
343828
2707635
2794221
6862145
7911297
1349770
963970
6683623
8119226
3668084
5814043
3371691
5436477
1476786
2314605
2139229
2741125
4870631
850574
5054711
5018559
7818037
3332662
1751709
4551449
2815736
346388
4371621
3697842
2483055
3767078
3617789
3126395
1608904
977087
1956978
1535401
2899691
7011932
1264943
5192372
3147067
1057684
1671134
7262765
5692772
1590157
1686695
3390012
6804088
2071761
2414095
8187809
2870532
800089
1838421
2057322
1649191
5115544
1116755
3052971
1815302
2717719
5011382
2857664
2223667
3583997
4963141
3392098
6166022
2264712
5549927
4788899
2270634
2267149
761838
985837
1634679
5902516
6473199
1690883
1678675
2831757
5997141
2707001
1338726
4688194
462585
4227631
2031399
622419
5707812
2828848
3227006
1580344
750422
601980
1268436
1902112
4415210
619186
725734
1943681
536668
1466765
2205279
4490160
1745636
2554435
5750201
5303529
602670
4417690
7283099
1732154
3626312
7778585
345265
2864982
6828147
1286261
2119284
8067465
5023033
5577752
3699582
8187743
2676879
2859984
7966500
4577001
561983
2494769
3349111
2168505
2351501
1634636
544053
3865034
2160359
1689683
8302579
1225500
670872
2717884
4387906
834539
2412466
1396201
1749190
5609943
5668373
1007031
1104983
4925808
734188
1598193
490897
1672377
1567835
7220268
1898563
462637
4540944
1009227
6889124
4579019
969652
1833794
2483503
2110784
4141408
2151472
1234777
3112575
2193255
1207502
2142993
6992416
860369
6618539
1721206
1370373
1758433
1430151
4540832
854897
2238328
2231718
2711496
7558017
987225
7814028
856260
3658389
2440785
2339623
1493241
1199101
1297979
7447554
686927
564462
1990801
8296166
1291474
2691648
6564635
7954404
2321332
5016710
580968
1457436
2924569
1233084
346294
3600607
1248530
581231
7942466
2926788
863669
7994860
567763
5869667
3134202
3933695
995833
6739323
1112281
941407
1207554
1281269
4594593
3626238
1019152
4554717
2857830
963244
2256682
3116871
2921003
4531959
4484314
1715965
1908669
7968981
1752628
2175126
5695306
1321940
6584322
3138200
4410722
1748451
726205
2118774
359945
1922073
7563439
6628856
5035195
862718
6449270
652680
879817
1108138
6823827
1685598
5969424
2099778
1715776
6692092
2710990
1305413
1331673
7166641
5017878
939673
5711279
1995852
1801427
872715
2906734
5911910
1122108
1404482
858687
1493337
1411198
1250888
2114230
1965474
860151
2402707
346433
1039677
1357324
1184230
4945815
2194515
7745778
3538565
870318
8198072
571891
541195
4317949
5567315
4367058
2418256
6311350
6639131
3580894
2415310
1251691
1581901
1671991
2495345
1754165
462485
1885718
1909441
3786138
628034
606156
2216983
1832095
1794970
5026065
1291985
4546126
1493573
1530644
2590762
2441048
1619766
1334474
5769376
870314
1827573
4585251
3191919
959225
1406366
574497
1699318
6674884
660067
1939873
1641883
1633653
2411301
2231753
3507666
2140053
3872127
1689186
1868552
6797204
3564951
793018
3515600
3527428
1164933
604167
1672082
6615983
339781
337796
642191
659626
5980069
1922169
1359275
6031391
3007958
2772415
2667304
1726061
791054
1388668
844018
346662
7137474
5115439
5190159
1747176
1937360
5130579
1957964
2893653
1929879
1597337
2857668
1829421
4392431
1586586
5584651
2084486
1535496
1419436
1430648
1329573
1418910
1153660
8011464
5908128
2053115
358678
1153763
970790
1860144
4329512
1100648
3273997
1669610
2861397
2118799
984950
1421605
2067030
6884193
1619534
1669594
4594554
4390560
6699310
7256272
5769230
1502232
700063
1690789
610335
7967865
1138845
3013393
6626958
2055535
1595203
1566259
1995878
1540127
2399391
618549
6679279
524664
502092
3564930
2142897
674858
4153454
1610711
743473
1713885
1219677
2661437
1685667
346598
401407
1466407
6694320
8031315
463107
2188271
2057264
1065284
637470
963212
3341594
1047940
3010081
2396326
2249670
1615442
5617950
1451799
2992186
6712754
4767437
3187574
6982355
2474162
1697987
3746786
993267
3540480
4636666
585501
3073853
1337997
1998191
1868633
3027722
4770968
2228561
6618577
1483112
5614852
998491
708461
1056699
1767812
7292905
747775
4410061
481381
5057089
2924521
3897801
4743252
878717
2130844
3199263
5173849
1401071
917716
340655
1773928
3209169
572464
1520802
670201
1455798
2096901
2045228
4536369
2224556
1004412
2119307
687915
2779715
6807873
1638669
3608236
1329032
1599433
2225395
5528765
1481707
1783073
3567405
853326
2372674
1427461
1820103
3861598
7739296
975473
4522059
629759
1708844
1540038
1400919
977027
7715902
2216258
1767555
7932310
5748657
2431211
4791909
4051322
987291
6143513
4083616
1554386
6391102
644788
2117511
5147639
464337
5115714
937854
1237593
2049483
1535517
5116725
1386532
4452012
1706358
342944
892160
3235788
6713526
1082796
1539932
6863580
1333012
6614123
1534980
1557436
7365986
1221543
2499878
549015
1457943
2047850
1426368
4637573
2075034
5015303
5683011
342468
6683679
1536344
1435741
7863646
1982585
1786081
7778545
436594
1733981
1355662
4521728
2090063
1239156
2947627
1308448
1483299
1113436
1680814
968699
2626526
1142206
1205425
5994185
5704871
1390137
1948056
5473634
8197902
1406348
6631009
1439642
1433654
1369954
3564774
4526792
6866600
623945
1012169
7583612
751588
7947291
1354464
3255297
668237
424026
5635608
1242678
2255650
3666594
8084843
831342
454074
5087451
861684
338591
2715073
1172761
7410607
4718968
6706849
1000444
1068568
5566684
1931645
1192168
1281303
3191894
4995690
639763
1918210
1686492
1385984
2162993
4359830
580825
3512577
2062788
5002178
2924563
7996504
1069947
1286367
3626299
5296577
1221942
3515169
5566428
2305928
1325970
1055476
4644307
1371520
2560984
3691644
2857762
1361212
2443233
1058291
805937
1302401
643585
1632259
2635685
989430
1610721
2597641
6678832
1267005
1713886
6866519
4111368
1697813
1622258
1845282
5964580
997772
6729978
5253076
1581917
5892718
339397
7951164
625567
1567796
3802009
436154
7878808
962201
2422206
2125330
6830757
4381032
2074800
7166690
7340902
1218511
1637383
2227998
1429433
2178067
6463869
3695445
2416366
2351146
4631824
1433818
6566731
1017951
745580
1073895
1731680
2450432
1517666
2248557
758979
1316061
3045169
994908
1120150
2698966
5934435
1219682
4628116
3994281
3225508
600820
3519633
750440
613917
1791913
1769182
2256271
3870708
1089690
1210056
1370291
6896180
7947488
8082546
1178611
4793896
2132453
580938
3035250
2935556
5013067
2846796
4708735
4916758
500083
7946588
710266
1371519
1991348
687631
2010881
1840757
3805264
1083288
1917742
2216875
1611603
661607
1163487
2260806
616076
656349
3765115
2216761
5803315
2192362
2192040
1397846
1211022
7814378
5628758
860352
6883666
5660893
861069
1319721
1055555
1273991
1535986
6366348
2278480
3302153
1431507
745206
3775645
850027
1631993
3354741
3603613
5043357
4568279
791905
4156248
2108483
725745
1498587
1803725
1667028
1202984
7860108
3841129
1357698
1826764
1423412
656129
1669061
1084537
980407
1529489
2092183
5058184
3436224
4721100
7760965
727880
359714
6738250
5038034
1446875
6771554
711945
7951788
5226246
399593
1956999
1408538
1477223
6814513
2197580
1742333
5632038
7865162
462777
483383
2002225
1522963
4643913
1554291
2151774
1917996
2404423
5074306
1334719
2049383
2097506
509590
4997876
582733
4040922
554157
1747893
1747083
5995586
554714
7964886
1486729
3471538
3302135
3375020
1744471
8304225
4579429
1712600
589746
2285372
5807834
4388386
6614174
1712053
4364283
3587313
3088290
1385918
8003324
1166722
7310050
4579339
1394101
2637734
1209563
2949778
2473405
1615877
3855486
2837176
3719210
2158528
7991352
2897536
2177281
1462921
4750965
1906147
7865675
1350114
550930
1341060
1935052
2828877
558414
1586809
3668082
1553155
856945
3574181
1044909
1678592
1157434
4598422
3318820
5011905
2096843
1835748
2721598
1737206
7913141
6693507
979330
2010859
1466907
7063972
4844663
523812
5647426
1339440
7947887
1628773
1682515
1241281
706450
546807
8083389
1213465
1252070
1086958
1466204
6031770
509584
3210067
6737049
4520615
1215358
750417
561879
1575129
1031862
1279964
1766717
1979447
4371579
7095086
1904070
8168187
2839348
1805922
1152043
1293075
635768
3374638
5040462
1960652
584964
3773752
2929266
3095192
1626672
1953351
8181727
1981322
1565007
875116
5636051
3061433
1520258
1583443
1684004
566440
3231909
1788071
838723
7967679
1063230
1058250
1496856
1259604
537374
1946235
5925956
1575322
1271284
1343093
564527
1179099
1657200
8018732
3143077
8311380
1215727
3098088
7891915
506753
6152143
622406
2394164
1044897
6925407
8079654
7925566
3797417
1611594
1712998
1006089
8005221
3894355
3698273
1974778
1753996
5011988
1817575
3975577
503504
1346801
4878017
7865653
5782792
2571728
1267015
574418
855642
1897570
3474417
1883170
4371449
2585416
1408519
1637758
1466205
1165714
5206254
1748239
5054476
1594651
5261602
1677046
1457937
3523348
7975764
2917302
3451881
2456651
5947037
1659044
1335478
5893080
2258616
1497608
2170054
8300365
1508295
2869130
1524077
1402702
8309243
6002781
5854224
8307100
5911899
4676406
1349665
1684122
5748710
1120239
1097951
1312576
547215
1178653
1446515
2055625
1065060
1564500
2945883
1923680
1001813
5143408
8168189
1711319
1854367
1698457
1061012
5846907
8303530
5905407
3091286
7967676
1841355
5020402
3647745
6362067
850417
7069254
739482
1554713
1009189
860129
3856196
2773119
2968526
1198317
5137113
1976938
6833904
1316110
1637760
1324740
3717503
5070091
1615322
5057370
1517607
1754353
874252
8181728
1295152
856839
1263598
2595719
1238508
888760
1342512
1335490
1665578
3792231
927323
5134929
6819348
8311400
4430959
7884350
1458292
5006684
531579
1812051
1110347
1327351
1974743
7945917
2248638
1807969
5120018
6285890
1712803
1038794
7950888
1001754
1341316
1901224
1128149
1714019
1082614
1543797
6115910
1595008
5718910
1335741
1584338
6566720
2819111
2386957
2050425
587270
1295132
855222
4222693
3560987
1904054
2084225
1388760
1179092
1170967
8307124
2066948
3515065
3326146
1648172
8302613
2691513
2261546
3443371
1563586
790201
1369909
6854731
8092039
7950817
1721133
7959500
1338708
694079
1748711
7950766
986886
5772764
1852349
1110936
576663
5990506
1656561
4725338
1363521
1066600
5889822
2478326
6026162
1906296
1372265
2092242
1582599
6323263
2270728
2146110
860399
3546611
8304266
6894709
1185740
4391309
1239146
5081533
974748
679768
637335
1684176
972872
2774208
4657829
1268438
5030264
1068576
1589973
4553528
1614300
1172952
1351580
1919709
1273577
990567
2141482
543528
1325993
861969
3988733
2590793
6864189
6487887
4872418
854923
7861709
1958325
1459403
1178583
1999160
1308402
6137143
2160424
979171
6003346
570980
5947036
1673561
1044670
5940174
5365629
1842571
1679918
985841
627871
5882614
6873559
2292654
1534658
5081508
1676472
3481188
4984214
1678646
1221807
3534061
863235
1244073
1658471
636897
537377
1871727
1687644
2131416
1594518
6060582
3070308
536704
551031
831381
981469
5358406
1342276
6583233
1109844
1295173
2171048
2742376
2185164
5070102
722045
5058559
673032
1240331
3302102
7816468
506095
2839016
2938704
1305084
2132151
1930944
1605510
6622390
537372
3812324
1288638
1569405
3796742
1226245
7922355
2839877
2190008
2007208
831393
869557
2321076
5006806
6683752
872779
1749177
566402
7726706
956704
1796546
6855974
5648869
1694519
6313344
1196378
777493
5674228
3641597
7841571
4118985
574228
1446896
1345650
7863814
503501
5383794
8189004
2499907
7858913
2945294
5048131
975557
1342252
1343039
2240487
5100095
2499891
602598
1939877
1778709
1940213
2270080
1771727
5109669
582740
3695362
5267939
6452959
2192601
509878
4375001
970054
979326
2246127
1300291
855498
618110
3787280
867033
1295159
1423140
587895
1860834
750416
4484161
503505
2397161
1848568
1242625
1613236
1606380
576578
1249659
1630490
1240565
5718394
1904065
766362
2162375
3394975
3452027
7882512
3113389
560352
1466763
522469
1355822
5023396
1794938
2238386
7982182
4974854
6703815
3352790
1618729
5318173
569571
1481013
1333060
1270377
4605762
554707
7929961
2419280
654465
1804099
1640847
1466146
2113033
669463
5527041
6771089
1752592
2128870
854447
4712540
3678352
1788685
2471172
1290149
864813
2178753
1734755
1503362
3699712
8053766
1695413
7975894
2082257
3682069
5201366
1272308
7994400
3562700
2250809
1156293
987866
5569062
3276110
5055670
1068523
1322577
3561530
1615846
7237473
4553774
3425644
855919
974982
1392112
1080389
555541
594613
1641792
3965302
942907
1463204
1594513
562401
539254
1619549
1354790
2794688
1395156
1995823
5070164
573560
2596211
1286377
5020737
1940012
1447925
1116192
6317315
1285731
1158259
1364614
3770849
2181564
520583
1784971
5940136
1597421
6677358
2654108
7094291
3523398
1126522
922684
4061055
1915776
1295170
3780540
2151651
2801930
582767
5053161
5176678
1906238
2193373
8290392
1348540
1853152
1167892
1370354
2857809
1628204
2455613
1574760
3250114
1559791
3550767
1065058
2143326
7918087
637324
1273931
3118187
4390719
1502214
1118814
4527057
6618544
700216
574406
3516376
2081619
6130460
3160485
1447903
3716939
610777
1941524
777494
3297314
3301242
597384
3072492
979402
2095692
2114328
3373301
1280039
3586225
1087347
4530979
6627086
3410625
2429820
3978214
4628908
721748
2471929
2795361
1469103
1456042
3540281
1955293
2471941
3232062
5050040
6012034
2250807
957628
1304180
8021833
2187576
567130
8300743
1686285
5567240
4051873
4390236
2906773
989267
1420812
781074
1371374
2944803
797744
1712136
5001180
5459817
1245023
1850657
5567249
4482615
964641
536487
2917249
2143323
2440951
604351
1329538
2994226
7584806
1938530
1154072
1219713
1568558
2943190
1544190
1033295
4051898
3182279
2765042
1517602
3772563
567900
1618517
3416065
1352656
1338666
5999982
789009
5846910
1360911
3419074
2267199
1615880
7929953
3129381
1296684
4600581
4455765
5992919
5692757
1350432
7726705
1508286
981816
1408485
3581546
1409170
1665549
668578
1305121
1626989
2473641
5866236
951212
2129582
865992
2190098
1413445
2592898
6940799
1272526
2259676
1683333
865344
554733
569573
1044673
521293
7979622
1703627
1000171
1286222
2344008
3493732
2877318
7546535
5907933
6669498
3443373
1604722
1718264
1199759
4880118
3543206
1388738
2183534
5137673
5965909
1604763
5319599
1540052
975571
1939636
1182482
4713075
7974284
2942781
7977512
5902413
4148166
1784506
1686841
1586510
4636936
5940166
1603701
4413164
4350817
1386509
6467761
3227065
1088454
603391
5990782
3815104
4388258
5040661
1728790
7905260
1733968
986165
3409921
5137997
5706513
5952291
1116674
1077612
1558067
4364273
3464851
6004080
4554643
1598962
5544172
5063870
6550776
5990564
920995
853811
3641029
4618628
3691533
2049419
1509397
1361248
2114101
6147579
4930558
5543208
1010270
592540
1227281
853806
1676455
5769410
6566773
1240397
8311405
4149001
687689
1455562
1335079
6857993
1581098
586071
4280424
6785086
1662136
7815968
5071691
1750213
1136075
1672018
790072
2988541
3240577
1919761
1433279
1252024
2049298
1437269
3870958
702432
6393675
1554716
5015561
4022848
5267352
1032086
1177182
1339959
1699411
2314621
1989041
4375557
992143
2903858
1334057
6814597
1297055
1327446
2759942
2802813
723111
1240595
1044679
4444231
1638613
5940175
1612646
671704
726951
1447320
669972
1160141
2339020
1866735
4557151
4551445
3629968
1265385
4553963
1683255
1700538
4997926
1392098
1289738
7868709
1500349
1861764
3435307
708094
1238877
1966274
7888365
2440474
580918
4378286
1277001
7974104
4657569
871245
1193338
739302
1939445
1719003
3599788
1845404
6694240
6011073
1674100
2656528
2884288
1259781
1010389
5577171
2756492
1694545
2676146
867513
2108723
4102924
3422489
646910
2267093
6768355
1086972
3126389
855488
1302380
1739621
2474749
727324
554740
7917589
4336804
1512933
2471924
3345715
1509845
2900896
3674786
3764314
3562416
4913974
1438073
640378
979258
1642510
1937775
3811026
1167702
4371739
1211436
7546568
3473931
1873012
5093737
1448305
5022900
1475338
3422487
3797236
1156201
5921634
7996501
1820115
580146
1560186
860158
1293135
5630479
2945836
857300
6592106
4645586
1535514
2285439
700041
7842484
7998790
4030103
1630598
5992630
1812904
1304233
915149
3348988
5057069
7971864
7954628
1762786
5261510
952358
1726070
5175856
6321500
2473514
1309634
1767344
2495352
5748577
5016395
2839868
2390776
1984497
5940141
6086753
1642601
3793037
587345
2050453
4693876
582765
1695252
3217547
966336
4631699
2424571
750419
1890542
1879591
5890803
1349584
4582864
5046647
1366895
1308752
2268157
1413457
2778572
1328242
1626755
6989120
1410180
4594573
4541122
1156378
1466222
1281907
1290196
1112867
3389912
1304223
1552992
2854496
8031511
1270779
2828792
1303596
1750120
706451
1152060
1546450
985545
853489
7592689
2046965
1132658
6486151
1449609
1104282
1172804
4381354
2055507
6797587
503512
1324750
1467805
1289154
2004424
4557070
743089
6192343
587180
1501266
4552729
2192596
2840161
2478601
2087048
5911188
1151627
582796
3089197
978523
2160471
1114338
3845967
5749886
7937061
5040425
1289300
3775144
1128969
5018885
1502225
955596
1308010
514359
1203670
2424524
516151
3788593
2192420
1667440
1564922
5990544
1934751
1683699
1840672
7548963
2180492
894295
1371568
6686420
580390
562519
1625422
2590601
1256567
2057205
981239
676878
4400789
5796726
1264559
2422207
4367474
834651
2415132
1324379
784552
4956006
3219273
3788569
6855508
8100317
1507742
572196
6139566
1392337
817049
2003587
8092997
2926419
2916879
4806843
582802
3042551
558314
1415137
1075395
1503312
2900093
7934493
3231300
987962
6566766
3407288
2837522
789176
1160111
1197697
1296786
537376
2249459
5023316
3691527
687831
500367
1431773
6319877
1371976
1604710
2703251
1671804
7666603
7865670
7108864
6183490
1325839
2258692
1061550
1471778
1253100
1001078
1470038
1754880
2019903
1911789
5009699
1327654
1713728
533098
1767553
1922578
854458
1283226
4979029
2722395
2003542
863799
2033357
1061385
2520540
943953
1325851
4621486
4152648
1944739
5583558
6097923
1322638
3479623
1545263
7536666
6316473
1903870
1600076
8031676
7480856
5809706
5015850
6583190
982742
558979
2389637
1271827
1240520
1169071
2847011
7815681
1732436
1762590
4528372
4553602
4364473
862670
4318008
854888
1434276
1134273
8005219
6853766
7584804
1995514
2092207
1547888
741528
2003747
1018691
1264505
7950877
7935141
4553812
6741014
5981648
6102215
725749
4447620
1142196
4535750
2738920
2532876
3384114
1667406
5275861
5011303
554744
1331929
6549325
4510146
4378110
543207
706510
1338648
6171523
7144914
1192296
5058533
3803353
517751
4337205
1104262
1827401
643546
1126405
3149015
723378
3296838
3586214
2440488
7929955
1712326
582803
6631010
562514
1361056
1785092
2253927
2877194
3786183
2473460
671662
5556509
1455673
1507374
4364294
8268353
1466212
6591661
2078655
1297036
7031086
1764693
4296536
1296036
2353316
639718
523821
7964541
7964754
5011837
1754559
1290136
1191817
5198053
1253445
1869482
2253125
3677254
7901018
1253126
2722920
1271015
1979878
5023387
981477
3204978
4735449
2574051
1126410
1721306
1247763
4986643
3651005
1929878
2010861
1200188
1914488
2102103
1120241
7781206
2055727
6063756
2223673
1449648
2300768
4935633
5008448
5991437
1832164
2008161
1710612
1642506
4350918
732738
2604265
679755
1016060
1456158
1108162
1583490
7702973
3762659
6313713
5011937
1701648
1258556
1920294
5895695
1637277
529158
1677124
518245
1331812
2595533
634608
2319799
2421433
1214189
5157172
2050457
2742207
2192773
1695262
4039269
1296701
2242171
1911714
7891993
2292635
511377
1127675
3762301
3004180
853294
2096967
2265007
1218778
7966806
1515831
5017846
6563532
7989184
1812306
3704854
992179
6013472
5056535
1037622
1349805
8302063
5437025
1087322
1706237
1254103
1324830
5826584
1295172
2694775
2704302
5053686
646447
8258763
2528427
2046648
1287844
3804935
1371434
6799264
6760724
1626381
4535651
7981265
6061247
640307
1508320
4372416
1988829
2908565
5769235
2143879
1333149
1612988
5980554
5798238
855422
1073682
1626752
5136484
5624640
4041422
6760519
1589487
1896362
7980578
1809528
1676611
7927631
7974147
2113240
2052387
5120027
6060594
5209535
3676035
5034012
7972085
8014810
3524308
1201188
1686563
1850769
5175861
1652100
1828834
1272471
4158561
7986100
8297562
3972129
3247094
4554628
1276035
1511668
2032325
641284
2778392
5854778
962610
1946095
2346245
1903625
1689449
5038047
534673
2263696
3531073
1296681
1493563
1581084
1406594
1068425
6015884
2268175
5928809
1415592
7980849
3811028
2010041
1718253
1223463
1325556
1050120
7147375
4991760
1547075
2409041
7869963
5629068
630882
5336217
2934131
1657624
1472611
1283479
3174558
2324911
1546881
890956
1033651
3666905
7973371
1827613
2994225
995019
3788546
7916851
8303490
3670334
1065091
3182245
3493726
1804031
977670
857345
2411548
1507607
991647
4057764
1632683
2130410
7907050
869747
2059589
1187499
855527
6730187
2445404
1904318
4535206
5824479
1565706
1836143
1855388
2945839
1607986
1433850
1097340
2932215
5575048
1125321
4541250
3929153
1535515
938244
5014153
869582
990120
4515973
7865183
811252
6025001
1123668
7256662
3027666
1224774
1132770
2474742
2828749
4368173
1180615
1999960
4554326
2473768
5137850
1201749
4308287
5137930
1209931
1460056
5982723
3796739
1853811
2784383
1786931
1404578
2718299
968436
5769287
1158707
5023634
4309061
5083686
5687639
4515782
867843
1073797
1689376
1102729
3359232
7974073
888558
6397727
990122
1451297
2667221
1205528
827085
1592542
5127641
1253777
5053106
2098598
798720
610956
2129376
1734090
1389950
3255790
2157093
7918172
1766726
6597254
769338
1308756
3166240
5854153
1698611
3654747
4695562
856861
983477
4270586
3106816
1551747
1388754
3600548
540417
1395158
1519548
6864278
1277961
5217884
3339696
1541107
7929255
1649482
5896387
6675138
1781711
2055514
7908100
5248877
1384523
1773372
1371904
1780887
6549319
1356809
1517633
1209739
776485
2255926
1801327
4158383
5824673
1292215
3778736
2478139
1370169
3245750
2992137
1977161
1704877
2701158
1721298
6690636
2938931
1695661
7942777
1306127
7917975
1700286
5058531
5275073
1982630
993134
2164476
4515831
1625238
1165861
2251458
584229
1602183
1312482
6989194
5175920
2526771
1699238
3195352
1797378
3775643
5087443
3474126
513447
1418720
1496824
1904071
1658925
900966
7201655
5935451
2881461
1721706
2129695
3769306
1165316
1294895
1176547
1292146
8081761
2319646
5563159
7157936
2248620
2278688
2405179
2117625
1286426
1098192
1993891
5124540
2795047
1855323
6086751
1292180
1419069
6152498
521223
2439715
1178692
1737200
2188192
1218319
3332671
2777047
1626383
1743462
2825911
1120270
1181012
7157892
558690
1820850
6031826
8044805
1542380
6898429
872366
1670055
1667134
1683519
7923801
1388303
2690032
1295137
5749391
1522717
2343136
1160407
7904964
6718535
4687644
1716010
7073177
858834
2895331
5015797
3855044
1965461
2687589
1055922
3297388
804803
625843
5657117
7942849
4463192
1450983
2718038
2444262
1248480
558722
1857713
2437386
6102210
5893758
7863681
6039438
1726357
2162785
8081756
5815051
2734267
3805682
2511624
1466092
6779673
1236831
1038482
5320017
702587
4179638
1855293
2227274
1671188
1044877
1609093
1120600
1794976
1777044
3881814
7108860
2935304
1820230
982739
929638
4927449
2196775
6626638
1113917
655284
7910756
873265
2279762
1422967
3148204
1801332
5952232
3373248
3032553
2429291
1240585
8297529
1167553
4147333
580878
6090731
1718208
6359676
4081602
2285860
2003746
6846937
1131312
1331774
2950006
1947951
1692233
7415129
1762291
4384869
1806119
4481875
1082883
5206492
3672851
3005223
2128896
544275
1264440
2639491
2437670
1305250
3173827
8302607
4543121
2607411
2154786
841961
5032423
1042376
1927798
2932093
5827948
6947998
4372281
1125262
3626452
4371530
3974254
775948
2265080
944279
2492175
5556578
1346814
1415116
7979736
5087464
3062608
2772295
8022745
3675774
1771557
4695779
535483
1406080
2107074
1242628
4989241
517813
4387809
6797833
2079731
2559009
1698468
5020330
5016917
1979879
1560296
7016884
2877030
1210192
1163581
1210256
1032735
5091747
3068189
7997496
2263139
1370012
3762589
1576666
6677020
1695210
4535718
2150986
5041359
1152484
4708361
1155906
1470037
580582
4452271
2959997
4890313
2429725
1713899
1244191
3070274
1602712
1563581
1582880
3222791
5052136
1067491
6669499
5102036
6779745
1659397
5257446
7993733
2349494
1199295
2155179
6085582
4246984
1451712
1522823
987259
884278
1937638
1129710
7777023
612981
7739266
1170911
6614113
1295989
5632894
1547894
1214208
3858417
4571746
1152601
7960230
7973608
1172451
7930394
1905520
2463719
1152429
6779676
4526463
1406550
3112473
1179085
3312455
3027669
2606224
1338378
2267722
3638201
1633525
4080233
8302586
1665527
683123
3338577
5911589
8063031
6403985
1458256
795044
1926180
851809
1600569
868497
886293
3111565
2164580
2119387
1774816
2258129
6390181
738861
1349630
1731717
886069
586251
7866199
7916686
1901156
2935631
3698209
1939830
952701
5276539
5310684
1713543
2131268
982058
1210257
5952679
3531093
2152687
1063186
4921283
921674
6857995
1966834
3242555
2395907
1449872
1860757
963057
6622405
1790749
781001
8016867
3993787
1634703
1099158
1622311
3005808
974915
7739282
1163493
4521445
1684003
945888
6317969
5920225
5053107
8074430
2220847
6466333
3037601
3534044
8187773
3670326
1359866
855092
976587
1778473
3009807
1400145
1691608
981642
1403652
4104514
1590365
2139221
4272848
952892
5244860
1527083
2935329
1102621
2526666
1312981
862593
5769288
5056499
2787087
549453
6031920
1990680
927214
7918027
6686429
2394173
2707896
2015645
5628435
4139843
523574
947230
3084219
2177287
1195555
1593326
4587279
521189
534784
5041370
2063533
4997638
2139224
1586472
1411525
5433223
6817747
7724242
3645950
2166351
2677370
1553230
1642603
1684095
1854688
1232854
2246736
1939060
4378271
3030009
1160480
1738989
5688815
1609979
3370186
3254987
1879277
1128100
1371977
1187258
5033299
3180372
1829563
974977
2110751
573266
1715688
1065285
870905
1766725
1987387
1726720
6575940
1621796
3841109
977737
863588
2665352
1920410
1632607
992533
1666544
2620076
1167576
4111481
7207456
4298076
2029524
2866006
1891609
5093736
2087181
1719137
7980800
986023
5131241
3754670
2612570
1366100
7950443
989229
7979136
1801454
1325864
2085964
1212109
1586505
2105710
740778
3603136
1689379
1586473
4375208
1780858
860305
1946217
7632390
2369283
1562987
2038847
3631426
2104013
1331910
520878
5781546
941402
6848192
2069313
5714764
2339208
967060
7930613
7108863
2170530
6452943
1692409
1699511
2423929
8302046
4443620
3688516
3098073
1992799
2285638
854504
1249201
6670338
1279312
2895225
3174573
3347065
5921669
1543252
2666823
2604322
4567031
1938541
2717837
2694200
1328815
5020316
1983809
1198019
2267940
2839873
631046
878951
1171187
5996383
959306
1108199
2383130
1905676
6563543
547020
6599003
2894406
1999063
857333
7672736
6677022
7144925
3948635
1194050
1078746
5965080
510860
730297
1125251
1369898
1138642
1434404
5683015
5048517
1853806
5619878
1443634
3870716
2444269
3464838
1265489
1312875
5277643
1280862
3402078
1744179
746314
831367
1265517
2903865
686892
1181005
516157
1920846
1253585
1297922
4049068
6797751
1795056
1399963
1783237
1395389
7037213
4709877
1557717
866948
4552723
1169660
1000395
2104107
6331710
1667157
976120
1115748
1324731
3116851
1595020
834482
8296648
1370343
1214121
1265484
2129697
2419041
1246514
3788620
2187541
4888899
1705546
2297339
5005591
4297981
2473865
1305596
4579325
4377996
1278817
6601730
1591026
1404521
679561
1330860
1342171
6565048
5087820
5107130
1941377
1321786
4378001
2652519
989531
1410064
6737047
1469569
654482
1241279
3792896
1218409
1054119
1565026
1517217
7777972
885898
3845124
854296
7847269
3177400
1648686
2139335
2038381
573643
3439115
3173662
4472259
7864779
1791408
992429
7843389
8084455
1309639
4662367
7921577
7929254
3533970
3958443
1805916
6566909
1601100
1272666
1178479
5098915
1567293
1009191
1769001
1988773
3248062
3660707
4325366
1422825
1615823
2224493
2789901
2783254
4701500
588045
3074116
1696524
2837160
1641790
990718
1214358
4260330
5542079
3669346
7815960
853617
2286793
857818
633063
5999524
2389399
3493719
5008432
1205402
2178741
964570
5637277
2994235
1701644
2667248
860403
2587020
2033342
1218672
1426397
7068997
790545
7590805
7919216
1818110
1926125
1471766
1258378
726972
7934817
2033352
503514
504515
2063619
5995697
1582879
7922039
866996
1873487
2063636
3540670
5132816
4557071
646098
3887465
1522794
1703094
2621567
2721436
2461968
2242229
3421922
925678
2063566
3301241
5276796
1726218
7209802
764578
4367280
1769011
1235229
5575036
1618048
1129707
5695725
1304365
7908084
1906477
2831698
2112269
2086666
755906
1251920
6393509
5070070
1315933
5226238
5463847
1402592
1411086
1704179
642562
6677357
1220282
3197942
877248
2780654
523780
864551
1517638
1325918
886475
875179
1619531
563803
5260088
1737402
3959552
1667224
1709139
4926393
3749012
2353097
6804539
4296912
1308671
6593590
4311416
2036571
1422840
1575853
1784900
2181160
6592516
2108318
888533
868582
7947177
2169954
854990
2688467
4701501
4363945
1687142
5127643
975566
608135
1705535
7950445
2865784
1168811
7967872
5931693
1699344
6039444
1712747
1718292
5454684
5818014
722724
4623185
3359194
3298824
4877826
862722
1705637
4521756
3395380
1694558
1001471
7843318
1581895
1038853
1419380
1861961
3675812
1020657
1937422
6030232
6154508
1369840
704222
1926108
512332
7144900
5967510
8056110
1617139
1876270
1044424
8305901
1208928
589664
8304886
1192915
6324795
647610
7975757
5137879
1235233
4360607
4256295
1593128
509560
3029685
1719607
6633300
2150990
5191185
3776817
1297051
5218959
1207309
1154063
1120188
1974720
5149627
1458187
5907352
3458640
637446
2092232
995199
6032148
7410692
1402670
3416281
7993153
1498066
5199040
7679282
2039312
5075271
1804053
1277706
2259736
1197513
2081627
2800248
951389
1917431
516155
1444115
1626398
2104139
966728
6985586
6864382
3451417
661625
2902364
6482870
7562486
1698959
2394271
1658705
951433
7122438
853905
7964756
3948208
8100407
3972487
2047817
3298220
2300491
1000067
3679757
1809211
841220
1733482
1365083
2773142
1906295
1436438
3106509
4549129
1785861
7908127
1344421
5687053
1750336
3932800
1227722
1218486
6832625
1260360
1205744
1987606
1805489
7869895
7128734
7583585
6063758
1910037
2256519
1469545
625199
3680573
7206350
7426452
6892666
2695852
5025847
1204079
1562969
1289348
4271273
2792855
609718
1388338
2165574
722717
5567522
3670774
3178901
2192575
3242488
1060990
679322
6855382
3528697
2877033
1277875
3876793
3553184
5229145
2055781
2880000
2259460
7900479
6797832
1558601
1562181
1072459
995253
1534714
3222917
743367
3854658
1210128
5918923
2764628
1602924
2278455
2696107
1242992
4239255
2266379
2009275
3804632
1513266
5994286
5952224
993258
1937677
3701318
801079
1726722
1061530
5048570
1441554
1266473
1233122
7927046
1529457
1189755
5045811
1593528
2119349
5620681
1207698
2455555
1300338
5635965
864304
7654023
1870454
6602257
1075089
866073
2831681
707957
1762579
6013480
1594500
2288766
857314
1065114
1423155
1976948
974447
1649096
1630656
1891613
2005851
1168781
2968913
3868816
7715917
1165753
1017903
4940451
1841842
2881694
3416637
2766704
2195128
1601079
7949977
2934554
601205
6277395
2421424
1469314
1753967
3719573
2766693
989429
1184039
1238759
976430
5986202
3210412
1336454
2588409
1208064
5862164
2052165
6566727
1253816
1277651
2365619
1976900
8082078
1594519
1458030
7990722
2442837
952997
3069766
1072694
884861
1285794
8006291
1361265
1388901
3974452
1386629
3379084
1677795
5973590
1281792
888706
3859286
2705518
1519530
2227200
755662
6828081
1545635
1678640
1628595
1281547
4541138
6597221
4579385
1632584
7411070
1826785
7913125
1258349
1850602
1431087
1961869
1254721
7959652
3471052
2246896
750963
1266399
868359
8284429
627847
1423189
2461913
1142162
1248563
1844192
1815132
1905933
730301
1160119
1134413
7715919
1129821
4388235
3413917
508144
2274911
6836002
8296642
2257064
1187637
4672688
1059430
1491947
1258421
4765080
7144989
3528902
3188882
1296532
1624742
1778466
5027129
7930045
879353
3004128
1289145
639563
3398840
1829664
2775257
963199
1338694
1982577
4541117
1958809
2854263
1862352
1595217
3203441
2256686
1129726
7950513
4745454
2292029
7256734
1607695
1678572
5769422
7074885
1072558
8018397
3891248
5433249
4524521
2485017
5116136
1630828
1878889
8189016
1593068
1702939
1391732
7865182
1343024
866267
2156018
1498815
1475863
1706631
2136851
1757066
1508801
1247713
2174798
1565547
968455
5137884
1741659
3796738
6589720
5074737
2530604
1667496
2897509
1862262
3677002
2256661
2092190
2895415
1721311
7843290
1702105
2846013
1672429
1336666
3562642
630497
2060032
1500009
764739
1543393
1450995
2484528
2008944
1462830
5115774
1459818
739413
1619486
3603876
3762098
3010070
1305416
1794900
1721250
2888216
5934301
1181024
2025434
885908
5875547
7006293
612285
4646642
7967811
2209241
6566748
566428
5637285
5940176
5248874
1237450
1271992
5714172
3390133
8298129
1428279
1044469
1272523
4572387
3527750
1938640
533051
1959198
1940269
970082
3242438
7166833
3467328
3700679
4954791
1627722
1251999
1684108
5947042
1165109
3247004
6398188
3430150
7848929
1354987
3006047
1263654
1066888
3786213
1984655
5699968
3037596
2362610
1455704
7447456
4591090
3222822
1068020
1134302
539427
2932041
1686279
2351589
3225036
1941369
3179738
1686703
850428
1667117
1411109
2515306
1349635
1884925
2413645
4357228
1854541
2777156
1264927
4142203
1216463
3712970
2353120
3783929
878374
612966
1291871
2129762
7949350
2193286
7932122
2268595
3530492
1011285
2228334
794359
6063792
1904029
7861759
1662171
1896246
2081636
1817567
1442681
5961352
1371485
859560
704202
6699245
5040438
3773290
3393570
1055532
3435516
856993
983468
2735085
1332039
3860194
2054930
4509821
6825569
2108510
4910040
6199884
2061240
1215112
6989267
1304155
1581904
1207697
1337573
1478745
3972554
1043320
1293050
6764246
5165869
1751717
1837822
1687711
1698927
867570
5973179
3936125
1293038
2045251
2863579
2277496
1784899
922522
4577365
1854280
1455093
3757345
6319989
1104178
4989236
8303478
582797
1674308
1129980
1371368
5910959
5566407
3639996
5995315
5978374
4167246
7843753
2109563
4205931
5720496
1977446
1339518
3116783
1748320
743315
1468178
1355727
7977475
1868900
985852
1166721
1172482
1344656
1449134
832502
2184721
1593312
3081171
1251949
5434401
856302
2320292
7984927
1404444
1840654
6629359
2010875
1612964
513498
703897
1667465
2225198
741886
3574179
1623575
4521943
7464471
1165792
539264
4383965
3215706
1001532
4600506
580205
1630944
3872473
871506
3296488
5091603
1604484
1702946
794636
3050949
1547838
1398352
6004120
983478
1554366
6797787
2229565
1690372
927343
7108858
2258809
3241242
4767940
864541
2260063
2110588
860254
1606358
3247742
5941832
1211826
5540497
5668887
1697828
1286028
1498592
7927628
2080297
3188906
2115779
1623861
3028200
690228
3276779
5875810
8189059
2050363
3308904
5713623
4351042
4579550
888698
7818382
2604274
5006574
3076303
2083769
1055962
989548
1234666
4375092
4482185
4618720
1044890
1467821
2876476
6566869
1182562
855050
1108118
3857041
690796
6727708
1453574
697507
1232949
2762803
1442305
7957764
5713658
2053256
1813122
942589
1022374
3104150
1948133
1689373
3380408
1469032
1415642
8018391
1901870
3494203
952680
4995700
7975364
4374991
1535176
4721447
5120047
6875001
780225
1313113
1683675
1266898
1576328
2084462
4275207
7938318
1547221
853685
2238414
2319689
1105531
1039470
4040951
2828787
5657959
1585315
4613191
2253285
6633363
8014628
842803
4557161
1120605
7904894
880917
942467
2305912
5015644
2049308
1152438
1179113
545642
8301869
5087836
1876648
1599367
1546828
6690292
5062401
519450
2612621
1225884
4762530
2035046
1586441
780580
1705735
3389910
5245332
3147757
5144769
2405679
2127526
1858814
976591
521300
7917900
5992502
974862
6779675
1192368
1101994
1700239
533545
601184
3148989
1285482
5083989
4183378
1950204
513018
1154049
4360214
1769272
2068238
3769479
7982750
1373393
6820859
2262595
1877396
1635487
7578182
3032064
1289157
1497607
2972318
7147846
1721432
4520995
1315688
7425542
1694515
2857717
3667475
523572
1459638
1304236
1295823
1432464
2250802
1517663
1213845
739378
2339259
850535
1531225
3768295
1678545
1695053
7715981
1344403
1404576
814025
1632622
1368501
1648411
5867280
6392422
3386604
981857
2606528
1511670
2042150
989448
1604133
2190099
1715855
3239479
1244769
1667468
3611144
1901482
4367143
6592512
3199116
6822965
2885666
563771
545618
5043132
1786965
6600046
3989207
1344767
6637121
8046605
5172288
6566801
2745860
2005853
1603536
7859006
3677008
1988529
1754641
3307513
1695118
566438
1415587
2888181
2174803
3876738
3603096
1388727
1553252
2082835
777088
1392547
6184752
1203815
1330847
800948
757034
1163482
2095994
1115624
580570
531090
1552897
8281692
1415521
2240490
3041605
1693303
3118293
3700416
1528031
1926077
2667227
998347
1343081
4860634
3724709
672158
1734173
7929630
1046132
2382906
860810
1242694
4050290
1568833
2948492
2478140
1128293
524636
861908
1392743
1819843
1206772
1715140
576609
1904253
5799481
3215003
3701944
5984174
2267510
5959975
2141469
4515097
856430
3253528
6063549
1653215
1786936
1355132
666697
1726798
1711613
5890348
574349
2261313
3348201
2920558
2857722
3516148
4708419
654654
6566772
2153720
970702
1939297
1249347
1742501
5087444
2246989
3773786
1881850
769982
555461
1138821
2261538
5072137
5965217
1325992
1952155
1172787
5071724
7994666
1540057
2062370
2252854
6791402
7985070
2389651
728919
1754672
4600535
569052
2010136
1281791
1687029
5045619
1152278
4628889
1190130
1939067
7161560
859808
1719697
6028617
1264789
2313257
1449128
5118427
1923395
3479706
1686915
706455
1198547
2268721
1665452
1715948
1433665
1522641
3703737
1726004
985805
3631822
5676835
3967338
4583639
7666554
2744188
1324513
4931650
4387790
1512803
2217146
5382914
1654694
1661872
2588342
2121152
2086508
744525
1220358
5050517
7863804
943946
1014692
3684801
7967838
2130840
6591394
1732437
2314612
1265261
3792264
6324865
5584176
2304584
858409
1853573
3796933
989250
1311595
506752
2610844
5696068
6483027
7289889
1797580
629791
2880140
1422589
1365864
3719626
886820
4351275
5820973
4737528
3762416
4557887
1583277
1803081
5039633
1246644
7942847
1271283
4489778
3393568
1628817
2378589
4997682
1246959
2978237
1253549
1631123
2223657
2514891
1684193
2946441
1698792
6385064
5590245
1332012
1828827
2183519
1136935
2258442
612515
854991
3531963
4542833
4579090
2124405
5854071
1171157
5990523
3466165
663905
1350452
5559188
4030102
1696565
601859
1801878
1349600
2469314
7950776
2000005
1575485
2129617
2566080
5059841
6452862
1203907
4484297
1910907
798715
517710
7568007
2182761
775645
1558295
1235123
2269017
5649202
1387630
888757
1699233
1713007
7913065
5893073
6382700
7972160
5053401
1649201
4333174
3836272
6146030
1718574
3385222
2114260
1044892
2586974
1712852
7951050
1273929
5048459
943952
3974258
5128819
4897003
2175993
7305348
1612893
1404567
3083454
2098508
2763118
2857542
1406356
5464294
2834511
1408465
5107969
1529000
1308650
6889114
539886
1767399
6797769
5569186
551059
886245
1806120
6760730
7786239
7777955
3424629
6822986
1434403
1639440
7368570
5901654
1891610
1854405
2182063
1667385
1278790
3698263
1327137
2170564
516156
2621017
2496949
656104
1343342
5668304
1658228
1934684
7862089
1443251
877696
5621924
1883147
5752525
1401003
6804942
2465174
1432449
3769547
7968001
1638437
4557067
1607978
2895168
2159980
866145
1660401
5722662
7447421
3224861
1272614
993347
5961527
1440114
1748348
1771952
2810243
4488032
1287383
521866
1343131
4622548
8193590
966253
1097573
5601351
790446
5023560
1558599
3769984
5965070
4709917
854100
1289298
7864778
3666938
1297011
2003742
4644082
1360739
1167841
4757187
512409
728700
625796
1237151
2100032
3318813
2133297
2476892
3341380
4302569
964683
635946
1585099
2446790
5209520
1530479
1244590
1625100
2089090
5184448
3762591
3172980
7918452
2093528
1466669
6675207
2162782
1276032
514329
5055942
1179114
6714612
1166907
3209229
7921497
6715015
4508605
1322601
1010254
637494
4737198
2474155
5144172
668569
2383005
1185741
3178904
1239519
654648
4764896
2454322
3111835
3439128
1000035
855953
1265483
2298190
2092199
3666630
2132464
1671988
7964170
1315403
618066
5634123
2917215
6384904
1268322
3536147
1619660
1306162
868595
1662398
5629056
613025
7304604
1227297
1685349
880164
1251170
1008976
1102376
5890547
3523391
1686961
4364325
2947286
1263712
1906300
1194156
1553256
5143269
541867
6370218
1853782
842018
3393608
8304892
5029630
690743
8023315
2047786
2411709
5132995
6690638
7850856
3873527
2152690
7281838
2248587
2074200
7038135
5473596
3657070
1008914
3216111
5706503
1363647
1672060
1105121
1665537
585954
1204769
1569370
2358566
6308999
4462019
5084117
1582883
2304958
8011425
7151600
1469562
4956729
646770
1745381
5120034
5391115
4395523
900895
6206124
1883115
1578071
1061559
855296
974981
2099565
4367115
1748248
1279887
1185504
1508390
3796817
1807960
2857774
6583993
1127829
1253224
2606125
1242698
4997674
1295106
7840255
1337569
3250789
7300996
4533582
1778462
1439385
7551113
604418
2009741
5905983
2671610
722759
1874138
1812399
3435002
2314657
7947048
1319514
1556181
4533974
6826938
2867989
612234
1126557
1900615
1253611
3563496
563733
4948489
2115563
1216434
2504997
2143292
4130662
1404531
963066
1958942
2064001
1615034
2853058
879366
786156
1237338
3520150
544036
7578201
8307130
877479
1809945
5149255
3775520
1016029
2308871
3169914
6819857
1612600
1820942
717095
783618
1415977
558800
2517751
1754639
589038
859301
8031278
2470867
3616659
8300601
1634108
5824760
1837727
576597
1619997
2174806
1278096
1266371
1633570
2395709
1687083
1604789
1709108
981106
1421592
3188880
1464614
1524480
3250118
1542400
721855
3485460
1502174
563608
6640146
800897
7904991
1494602
1710499
1365069
2682257
7929960
1295131
8005122
3762226
1701958
2828788
1828904
616034
2093556
6627359
7882509
5463819
1869450
6586271
1207851
984462
6675209
7980575
6622388
3098753
2062083
1288264
2055615
4024930
742021
2101663
5689846
1909814
1354837
5015348
2471555
1882270
850003
5047496
3112488
5050472
1854902
3227060
5058534
1474745
1293953
3564790
5847092
5559134
2169293
1943994
1837375
1033659
8048270
1170938
5019647
8292781
2471909
1213969
775519
1350440
562560
981116
1065068
1441779
7838482
1500413
2270430
2010733
2727906
7977474
7563460
3050950
5463961
1207838
4508627
676312
712978
1211921
3407148
4274562
7994487
1283241
1235041
1313803
2267560
972475
1692354
2717966
5142191
6820229
1097486
3902056
1781708
7908128
2096970
3237700
3564787
855395
5869978
853330
1879561
594862
2403731
5465023
1687296
1562805
6063759
537397
2268530
8302084
1237241
2910565
3674826
1846428
2033116
1565132
1534835
6989583
1199012
3448619
970808
6667505
1986070
1826543
3855900
3276778
3189070
2682873
1734078
5516512
1008923
7907052
4387711
602182
1730926
1180976
2170909
4211646
4045549
4463355
6629115
1000036
4363976
1307363
2246740
574391
1262603
5918795
1344441
2086091
7929964
5889733
5974606
554078
1313012
1542227
2297981
3860530
1411093
943993
1180478
2050284
819698
5079480
2044000
678885
3248020
7861650
1698464
5749446
980669
2283815
2268089
5781414
3628749
2401271
1023030
1674263
6859595
1751929
856131
5165903
3675750
2081203
1662459
1338564
1249552
1142130
1148405
7934393
1121947
1592943
871237
1110928
4556697
5032488
985831
2944600
4618561
1689674
506791
1675586
8295498
4762531
3690024
5718332
3121759
3562570
1937840
1228250
1138407
2512645
4950435
4311812
2932038
2435333
2141504
1404161
1387945
1047328
4483335
1123696
1400920
853419
1594502
5022437
1726069
6085307
3873721
1190910
589697
4371698
2285410
1209847
1342374
1737204
1801754
6184750
1185810
1009040
1343042
5971224
3275476
1178600
1513029
2413638
1674230
3300438
2009035
1999464
2467157
1753955
1230824
1225866
5579976
2386324
2427577
1534711
3677298
1712890
1001455
5975042
2086340
3366850
612226
2260280
3637058
4395763
3370200
7949976
1812137
6056886
2413643
2118226
4603696
2233016
943743
3703234
3392134
2192723
3391049
5011894
784944
4492416
7952030
2250819
5011923
4079885
998411
1619848
1633415
2950126
8016837
1115680
2775225
7135945
2188287
1142144
977887
564017
7971950
6629133
7317424
1281978
507102
1312999
7447446
1937290
2471908
5942409
2887397
965924
5085545
1371584
1557513
1411183
1097366
5718359
6402627
2445391
630923
612909
584739
7666552
1284192
7967813
6669424
1226308
3491804
4429227
1160077
3534053
3778731
2060073
5352586
1041146
4530975
661357
6566817
1253700
4180912
858685
1628221
2193065
2130846
7302062
1297949
7682656
3318159
3147076
6609716
3883669
1526233
2285799
2258105
5862183
1122658
1365869
1940668
7858999
1694119
1713247
7317569
1803078
867828
950926
2571597
6830906
4957879
2153624
5951445
1926025
570532
2894458
4393055
6393069
609807
2266332
1337904
1327640
1997264
2774206
2394189
3478546
3699613
1020488
5593446
3695965
1784963
2390338
2300751
1883181
4344851
5146681
2171676
539245
1207632
1441552
7848873
1909282
1628618
569041
1197494
1712898
2021176
7979768
2417361
1661809
6766725
843470
1427970
4690038
2314116
8297387
1346810
1307604
2216728
1740947
944283
2473384
1832130
1551123
4988995
6584248
2895273
1590168
2177431
5048125
1855342
6760722
2876483
6004401
1850780
678864
1575216
1331772
2895244
1304070
7451883
580916
1788352
560988
1861645
4167238
970727
5048174
1841349
986742
1902018
2532754
1834329
5017394
6143516
1711012
2704603
1604463
564497
7943153
1793293
3300278
6465038
2132097
1646979
7551606
8289902
1686692
5992760
5009991
1231094
1686769
1407760
2911840
2265826
3507413
1320982
4503029
1619557
3128090
2081601
2078688
7967681
5902367
1785470
3239867
5093008
1455656
3626521
1439396
1613120
4384057
4554039
2414102
6830791
3767279
3111402
1218465
2033181
4157372
1357688
3530491
2813272
1120156
4799697
2141510
1307632
7262842
5568948
1674875
5971223
864883
1658494
6783977
1603719
5760112
4509804
1686964
7984977
1713726
1505374
755916
3685755
2469193
1598169
963178
1624776
1266369
1442160
839013
6703833
2154684
2466917
1766661
858830
1667472
1602976
817001
1422674
2097533
851815
2949983
7917530
1715320
5391490
1808411
1589240
3967265
2654019
629802
2114006
2392493
1819668
7954121
4770585
580905
1624787
5769309
556564
1637327
1946231
3463332
3255104
638346
5034465
5947597
859890
6583235
7927660
1553247
998299
1875059
7947296
1893962
762106
2160654
1349499
4378195
1874194
1178803
5977883
794341
7785412
976530
5038557
980466
1827615
2266440
1666964
7996584
2828874
855598
2170149
2857616
2154702
7951821
2711401
2355504
1914538
6989216
6568470
8095020
970232
3836332
1335963
4367610
1859863
2381242
727199
2623640
1718581
4852168
1215338
2415709
1630822
2295414
8258933
1732062
4364311
5887313
1671450
1463112
1603454
1619661
2134751
2304583
1295142
4375320
6441721
1279878
2416219
5368216
5952656
1667480
1300258
1182118
1774442
722423
1274216
1415526
976463
7964117
1623649
1185871
3517852
1459821
6549332
1415393
1702612
2079738
642341
2192402
1667274
5854186
1352649
1730933
2270088
2562564
8067499
4378653
3147565
3295328
3136784
4611570
2732003
639357
3898440
1253770
1712923
1242673
1683808
1262186
3238073
5036529
5710355
6760641
582557
1304910
968503
4557212
4521941
3442071
1332357
4986581
7971951
1599334
1905458
2344853
1235046
1677886
4541121
7108861
2911803
1426345
7979734
7786896
3257155
6145133
2470324
2769157
973090
1339488
878674
3524406
3857401
853261
2403732
7951207
631153
1876716
2261534
3438665
1508788
1266233
5893081
1136490
4040949
2413626
1483546
7695053
2337787
1126222
1265518
513197
1683931
6989359
508706
1540082
580572
5021909
2314674
2006328
2297069
4388247
1995868
2839894
1041332
3650278
4713128
870929
2765436
1526143
2734648
6795938
2453965
1248029
3471222
6398029
1520839
6744615
517823
3386123
4545909
5721189
999980
1617242
1750351
966168
3229859
5993943
890021
630926
1528109
802030
2903656
5659592
1715524
5908540
1038555
1427237
957700
1176569
798439
1284265
4618606
1126229
4427663
1425282
1136507
6076415
1582719
3099183
5718462
811616
1102555
2268522
5613877
775181
1233328
2083781
6688823
1227983
944351
3802275
1132447
1623950
1233177
2877316
1489821
1192216
1634692
1617118
1444980
1625134
1036491
1385980
5967450
3486008
1518976
2041628
4398235
687847
2228368
4280478
2268456
3219299
2353026
1387836
3039392
1105888
4626191
3660152
5965256
6637122
3890111
5447431
6183514
4610949
2415715
501948
1134422
5694959
6857991
1879492
5940231
687589
3758281
1241342
1011444
2308661
2709160
752385
7964803
6384875
1824815
868270
1809689
1732099
1250773
4003320
1325565
5807690
1295135
1220356
3362259
865853
7942779
1011092
1088279
2525259
7160216
803932
7929625
1209761
5902388
2840536
2415740
1338770
3514374
1694027
2438487
1556219
2512915
1789275
4438974
577022
1492078
5888027
2267518
1318814
2511763
531104
2775253
2052214
1683986
3147589
1582647
2109098
1528065
6370373
706527
2612943
4433949
6682533
1826472
4998192
938261
1182484
7985067
1160121
5631972
3586287
4256378
6039530
5663985
1307203
3111931
1918133
6102212
676318
1246288
2853245
1265432
2266136
5276604
5781589
5992138
6874962
5893107
2907469
4471234
1386633
1855130
3769426
4583635
1592489
7124869
1672485
1127452
646754
5053913
3187572
4483586
2411641
6147076
1059948
2879402
3377651
7848513
3749123
4136815
3536240
4772118
1244836
3104134
7996612
1940218
1205381
3243246
1562968
3541736
5733334
5911225
4185556
925667
720109
1213832
7851884
5847117
7894957
1366092
1654700
4489781
1352827
7282857
1205496
1110847
4554615
6601701
2883784
855105
3204987
1435773
3791317
1446268
1015113
3270313
2585451
3188918
3938966
7786977
2718423
1299556
1771559
6637139
6867428
1086523
8305825
1319681
1201611
3674770
1898728
3045183
5769294
1634616
1568556
1295145
8006406
1365870
2516612
5042798
1615963
1331318
1088016
5040657
1136469
1343100
6623347
859775
2029262
569080
2194037
974544
1812767
1400986
1785351
1082656
8152937
599614
5020613
3617920
821988
1121689
4463370
1683598
7869889
1807932
1114554
980192
2214047
6674846
4626218
4353305
8092779
1413111
2818838
6881876
1497618
2197991
1787060
3213979
5022150
4557738
2050298
7262775
2938501
1544513
3076308
1200534
3039824
1407277
1457398
1079495
1271282
1068245
8157203
3510133
1465165
7993721
1003135
1039228
4391979
8022976
1430869
2836473
2845502
1629045
1179172
2128881
985783
1218705
1466199
2605570
1786778
7916068
1721481
7865509
3997154
3769991
615795
1740946
1339519
2437334
3001614
1527026
4041394
3525141
1180979
1249026
1991839
1634569
6855214
620442
3674751
4995558
1319944
1453557
1642943
1610749
5911195
1400981
1748178
3163176
1349796
6149888
1302390
2265750
1586467
2889631
6837581
2058387
745812
5023112
689061
5165681
1236554
3888966
2101836
1786986
1596550
4375134
972970
5646605
1323047
4557791
2466330
1309949
3439853
4622147
4554608
1456228
7289881
1277851
1590381
2029861
7037160
3062535
2866026
1000414
2734646
1517632
3983716
5095646
7858967
1840667
1854404
1659279
2735247
1809539
591016
567892
1746950
7947198
5238427
4180369
857797
1368041
1352988
1898541
1871366
500469
1443298
8083839
553861
1941914
2775292
1507153
608378
2142886
6896206
1088031
2110825
1244855
856110
1798466
2246935
2676445
5306497
2154631
706461
5057998
2179639
1344916
2084304
1613389
5854144
5854232
785085
7923440
1713878
1784637
7623609
1250974
1182239
1403385
3969905
669706
2422293
5447105
633417
1984654
5716172
1167588
867818
1682639
4506086
2767092
3039800
1143536
1194347
1329520
2185033
858383
7857930
2056574
4353365
1014817
1019133
2846304
2093117
976508
5022776
1755457
1628245
2256375
3599169
8309839
1916883
1406468
3891249
1852666
6397692
621794
729933
982860
864158
3894421
5856891
1292917
1004933
5132058
4571213
1368423
1827571
7095578
4969723
1625228
1180962
1388726
5717218
6589695
1446855
2996380
2932042
1111895
1295024
1993803
3016198
1712783
5053564
1247850
1450732
949016
1069752
1890562
6022843
5971226
979411
1546910
1741690
2270058
1211063
1789287
524086
669556
1326074
3345822
4453809
1900614
2493775
3666727
5716433
7273237
1785713
1343129
1191184
1293076
4869815
3603030
1254552
1021929
1612642
3253277
2667055
8305776
2260814
2258091
3346079
1544019
5994012
3902167
1388078
5993387
1208999
1218462
1717383
1995684
1906185
6217806
6616251
1937656
1513929
1463287
3853794
1304878
1590338
1222184
2758390
976554
1279095
7860604
3113368
1178808
3001919
1001047
1805972
4554002
4505696
3059327
2190097
4878014
1341130
2652645
5032484
871262
2697591
2879368
6822927
1639083
2061036
1435288
1265450
5979714
1811350
589554
742101
1143612
2924514
857873
2058393
7591307
1277713
5157571
3402155
1819118
1270608
1771545
7781513
7882511
4988287
2906834
4554061
3542659
2778312
992536
1116189
4392346
4541120
7948107
7861683
5454682
523819
3451894
995142
7932118
2084506
5990752
2224872
2758426
3325958
7017123
7968084
3560995
679751
1275168
1108127
4463387
6591720
4441965
3796315
2466877
859956
1695010
5643447
7908063
7979753
2723271
1323333
1481128
5150613
972898
1932940
1256851
2845472
6884941
5640719
2429206
1422618
7874965
1415983
3793622
5165853
5749422
5043473
1535476
2857813
5695309
1152388
3698845
1158475
1136492
6686478
884912
3052870
4943655
2108453
1855433
2230116
1139292
6398055
2282430
2027891
735543
1392744
1263577
3978107
6804098
673053
2865824
6989165
859770
2803743
893668
2844429
3670751
3806585
1152493
6583202
8296114
1235222
1370049
1459637
907571
3469456
3554396
1420444
2504944
1136434
3541055
2260832
1502851
5259205
6822912
1944987
1521642
3379026
3298730
2230060
1279272
1247882
2416212
1239233
5081933
1535337
7585653
6588082
2474720
1560285
5809739
1264637
2117875
6703417
5270731
1494601
2849898
1270663
741787
1774449
986808
1439096
7861610
665869
1748341
6622407
4600753
5030726
1454341
1667619
8298184
5939586
1640853
978738
7996394
1902131
3037837
5624617
2469102
1231026
1511516
1147819
1325592
1211988
5939368
5637314
5015800
999939
864411
1296321
1726590
2090227
872659
2455010
1352819
1435407
3056362
6147966
1256502
1102367
2399348
4958603
1752597
4929758
2841731
2924663
1594274
6183503
1023204
2801613
7080438
4329432
1371439
2260780
1819109
5130277
867445
1696651
966314
4554083
1685329
1442298
5011745
560927
1077397
609836
1502231
3523672
5905369
1422491
1531242
715779
2245606
5629583
2495431
2559051
1595234
2800841
1343223
3344159
2464918
863816
2130636
1523770
1453552
1714061
3452205
5352600
5053917
4367214
1302759
1110881
1758270
5782779
5902394
1475383
5974539
1244228
6183498
6826963
7980821
6626656
1507728
635937
523814
3896791
1805452
1361785
3628428
5902361
1116470
3179726
983093
1448283
1688036
769316
7739263
2727890
1871888
1455678
1349418
1705573
2156030
2495414
1652053
4374997
1948459
2399070
6623927
1265202
3642253
2038441
5365636
4692491
1846744
8096291
4363970
1730925
1699315
798397
710267
1668049
1730952
7918078
1904050
4992076
3033127
1342659
3932774
6481718
518241
2964476
7290960
663178
5052490
5809666
3225100
1444083
1208071
2267850
1976332
6985915
966983
2253562
902017
855358
1268403
1080460
1891217
4546658
5635957
1718326
1593010
1293217
3028939
5048507
950916
2258302
1598424
1614879
2698787
4765062
2170145
604384
1369797
1678629
694327
2823435
6764205
2908813
1156387
976504
1046318
574276
7961296
3562677
6143506
2656656
549291
2270582
678247
995861
992916
6005677
6020388
870904
1174577
4140303
2165564
2175150
743598
8005817
1330026
2141491
6830790
1338652
1171156
2268386
1686880
7266944
2932860
2081741
5207868
7949357
1289531
3893233
4009814
5238711
1934197
7020515
1683537
3147587
602674
6004128
4998324
536427
6032403
2292207
1014767
1352335
2911760
2114280
7974085
5433109
3359184
562566
5124487
2139364
859099
1136508
812486
1422520
3867665
1152198
7703273
2008678
1238690
803381
2265922
831296
1451704
2389563
2739797
5024646
3032830
1994353
1999980
2411718
3631960
5947535
1563584
1182545
2188365
1304465
5529753
3783128
1939500
1788128
1307210
5009184
3392210
1781269
1422378
5181964
1501359
2141386
1705565
3778008
8023312
2730410
976471
5057232
3219278
1247722
973032
1105958
6486214
6686465
970926
1911764
1304277
5170834
1359779
1209000
4553771
1256563
1177097
2971687
1827526
1319703
672157
3142988
987497
6128390
4554129
5093901
5074342
1604462
5820438
613424
5979712
1458005
6703343
1267331
4426546
1812973
4980258
878942
738981
4417441
2758777
1173915
2457390
1084408
536558
1423650
1430866
1999962
544292
1010108
2114339
2704338
5454359
2027643
5138238
2169398
1946121
3870726
1320994
1938737
6162395
4515969
4332305
6779004
1987413
1443514
2313490
1988540
987349
2072174
1253688
2089314
6061205
7974130
5463962
1828913
8016712
5022133
1128280
1457452
4383920
1989275
1226354
1726540
1132399
523813
6760788
1696051
1404475
3028963
1455575
1262686
1230592
1677854
1102027
1696283
2267652
4377771
2256042
1173860
5087818
3982473
2047419
7000380
8304265
7262774
1449314
1325499
2458349
831339
1719132
2973955
949015
3196212
3384061
2624727
2845504
2209051
5009694
1246434
4878015
6828065
1604548
6386333
1297501
2090294
6806188
7990959
1841835
3504300
2603845
1266538
1122613
1820117
2473525
809968
8091552
1788368
3241602
1817729
4652807
1138454
2225360
1312455
1503932
6628998
1977160
4187483
7973827
1624749
6024009
8036703
697487
2466979
831398
1194015
2142155
1778659
2703314
6183529
1359859
1411274
6583972
2389400
1993253
2019507
8297696
1265376
1506693
3297125
5078813
3048255
5011880
6862022
1279889
5990530
3529814
4761249
7347809
1236815
1988531
885870
1289851
654463
741790
6067541
7927630
512461
1558815
577094
1033649
4368118
1415387
803412
5124637
831204
1006995
1200256
1043847
7757535
5711709
1604731
6882964
1201723
3899449
2137081
5144160
666872
2117794
2267133
7745854
5841957
1742181
1207101
6049652
3535225
854113
2801937
573278
1456233
8298137
7929297
1147870
1726325
656357
1248512
1556585
5947106
3111856
5012723
855505
2750147
803419
1045501
3196718
7265187
3993039
1937627
5911187
2950130
2828836
1253575
4387876
1586483
860459
3523340
3324415
968810
2476676
1279921
928221
1617861
3929991
970924
3302498
6768828
7038099
1566858
3645361
728506
1278795
878702
1289967
2008636
3285358
4378643
1296544
3015607
2052083
1345677
1509701
881954
1768361
1507536
3626252
6633466
5941820
2056520
1658272
1104161
853430
3302450
6760734
2917304
2580980
758986
2198548
1836876
1979875
7933245
1535192
5009791
5017129
1322181
1698254
1528077
1535554
5660965
1652610
646137
914756
4394627
608596
2194213
1832099
1540043
635773
3272919
6443057
1058311
550924
944363
925675
755887
2144081
4530970
2231839
1277925
7777942
1713633
2551848
7922040
2032507
628178
2112113
2229594
3265751
1231098
1421600
1469704
3189009
3300183
1337808
1126458
751826
2314177
2699286
1764680
506770
736332
3991876
1289512
1348390
1582048
1367762
7447452
7251951
2802797
2084221
1067935
1089577
1604543
1469874
1116759
7134943
1687169
3717578
8279393
4523386
1671825
7010883
7586183
3784186
1272402
1703220
2250814
1468191
7015222
5924231
8090892
3179802
3238075
7154217
2984253
7904953
1712467
2266126
2107145
1160874
969760
4506090
5647421
2152238
544276
1567540
5428261
3103195
2052382
3302366
1112591
941039
945677
6690815
7979867
1182495
671731
606159
4415205
5896457
987263
1522861
994784
2802365
816071
1872997
2230044
1284274
3718885
4506420
6618566
1198405
7451737
1241349
4381498
522513
1435722
540032
7108867
1966206
1205649
2172094
1987416
1959301
1352658
7888337
2086372
1207587
856814
1564416
1531241
2860034
1399291
525859
578828
1230918
3041604
2082759
4748533
1369781
6822953
6992371
4351085
1348817
1000418
4554703
1747829
1698571
4484511
6460767
1287244
1702305
1344436
3892019
7951575
775183
7305551
2787173
5882643
1084563
2268468
7882523
1036103
4632561
2454165
1939793
3595680
3523369
1774860
5666931
4554644
1696316
5017200
2728159
1707566
551385
2313407
4508612
6297493
7870039
5705221
2173948
769846
4998005
1017490
1023276
7986123
1279505
2311879
5854194
1216412
1314328
1108030
5024769
7546590
5015501
4279848
2052050
1698496
1935417
2062804
3126075
1767529
1172697
1586826
2895135
1712455
6804468
3682132
1277799
5727596
1131095
6212841
1010869
947247
5013040
7953851
3481141
981516
6589549
2856563
2780213
1002494
2180235
1871283
2055575
1147829
944186
1276046
6018439
3062610
2756514
514346
4986424
1253974
3680702
2411859
3272906
5675753
3293018
1283972
2269077
7038152
5006829
5920142
2153743
5124682
3990130
6766730
2154688
6020608
1211378
3773318
1479248
1016205
1334883
698991
706445
582791
2911720
2389409
1705473
4454203
7943155
1623915
1335442
1400502
958226
790546
1332484
2295389
2737341
1045506
1361840
3786098
7482452
1524743
7550473
1859367
856147
5674475
767172
1604538
1897590
2831395
7263718
1128057
4553691
2530459
4581993
3083646
4622791
2879969
2259658
6106522
1410225
7965991
5970797
582414
5025795
2105626
3523440
4091094
6783997
2741146
2082827
2419315
856840
979364
7923837
1931579
1314093
2058442
1892951
1586437
3089184
5245412
1603120
855083
4493121
1624816
523792
1754815
1546811
5442426
956785
2825834
5881666
3029818
7984981
1444900
1534715
4521654
6321981
1912469
2655991
4507437
6783976
728859
1246292
1516288
8076270
1100567
1944023
2848725
3274564
1784795
5600163
8102122
928968
7695049
5124688
3355268
4375371
7974145
2267187
1711164
4463223
1306667
2473534
1439641
1907854
4531127
2115564
2014078
1000302
2921188
7929829
1859093
1317829
3470744
1886935
3084052
2471588
730463
7974877
2709972
7917756
1061053
7666107
7584323
4127865
2088917
8307041
801156
1399957
4371667
3274699
5689107
950684
983459
759878
2401552
1359798
1883127
1717642
1354854
1498596
6478099
1612645
1337944
1100807
6597192
7522927
879388
7963473
4557739
4576642
3888268
3875925
2089653
955323
624096
5108073
1556071
1550995
736678
6002777
4709881
2311803
4549658
1984505
1245234
1939449
2498186
2867992
1976542
1861065
2760510
4142996
5036098
4784078
8022977
6699399
6881391
1564503
6791016
2880123
1542728
6711393
1409294
2083853
627062
7780238
6137430
4463359
8309866
3267176
1180070
1206511
1667037
1894174
6324799
3863472
1694498
1901874
1165935
852316
5087463
3624941
668525
5000855
1404514
1426280
8297981
1696053
7967994
1904991
2254062
5165976
5995332
993188
2389350
4566661
2228065
2029852
1625208
7256764
2908108
533094
2924412
1598942
5045948
4997656
7986600
5985403
1256467
3774474
1698353
1473421
1750176
3307664
7918036
1748177
5137942
2389448
2101513
1173848
5115816
1543027
1439173
6566907
733797
1598208
1692432
5980883
6362156
1643024
1102894
2895352
1667428
991064
1614187
572107
5100066
844045
1418935
943937
4367136
1854376
1710959
4506085
5015698
2399393
8296191
2769297
4277941
2996393
1279412
1396795
2773102
2834358
3257521
1771599
943717
2055142
5024775
1256455
2940964
7868645
2383002
1543803
4079908
1290475
1299618
3715911
2250803
2511789
1435781
5148444
1289742
7115599
1412820
5300890
3705017
4593333
539909
990113
1237612
635936
5054431
875117
1104992
1868852
7818426
514868
606041
5856473
1789367
1432358
4771009
2411256
643580
5266823
1393676
867826
2040013
1038474
1004848
1233171
620199
592133
2372100
1053914
5006509
1909765
1874751
6483531
1218553
6856468
5908115
5770446
2304948
1013579
2818665
5041562
5018721
5048234
2585658
1233088
5011879
2223528
2027838
4363195
4933530
884874
544279
7904936
5612169
872682
994841
5144161
7932403
3562405
1387612
6849574
1457785
859363
1131298
1779863
5108503
1266461
6795973
1467838
7869834
1363342
969758
7781550
1692941
3695361
1403622
1678607
1667613
1754072
2178648
5643448
8011424
2088881
2364836
1879984
3172596
963770
7320728
2472043
7979827
5578660
2008990
4934711
615650
1515283
926452
1903590
1197618
6398056
1277733
1271301
1167594
5648858
4554413
721812
5102029
673052
5047478
2940140
5920323
1498786
6047863
3762668
6891675
2758885
4603940
1315282
4523240
2699281
3715446
3769334
7189440
2089037
7276508
2590914
2789907
4099649
4181331
767124
4778998
1879644
2354550
4875216
855020
5439748
1328334
7863807
6737749
4489161
2432007
4753188
1793668
1256444
731747
