5939177
624450
1097549
407112
3609653
2415925
2292096
3428152
4265827
3218207
5418970
2426067
1593720
1104689
6048096
564383
4859841
335073
970064
1333995
7839990
5478018
5726883
2926741
5382923
2185821
1565917
1910398
1035593
3267
3249721
6816109
4923047
6863864
1020057
334958
6629621
4986698
3589043
13832
2893373
2201369
1471903
2809264
5777079
825260
1737804
5657306
3566784
12585
3668044
461341
391381
376671
2036298
128485
4801683
15018
1127044
1834543
559236
7524838
6474162
973697
1629879
6880361
4714466
1890019
180735
958249
5621506
390513
452022
1461378
595036
332013
1588583
967809
3645693
3940932
1170519
1414588
1991100
7889174
5699978
6843484
1149203
4681993
131675
1614347
2565340
2234443
8400
4009359
3226
4779898
3581668
4469183
918082
1337188
481379
1399220
14892
12660
134691
5317047
10317
453207
3868445
1283553
10279
563360
2281292
398051
4481004
2194328
131657
2168615
399687
970619
5223344
417473
2264108
432700
120014
685970
4841708
1465874
1843038
1634051
1144481
472257
530212
460034
8286854
330491
4404102
746543
1446266
1900891
1270591
427361
4080531
1417833
522990
7872220
5895979
7830519
4188631
2269863
7355516
1291136
4947807
138848
1848634
134275
336490
4217539
6468729
2976136
2470579
5430685
1400791
7050318
685553
4472185
6778088
3019484
9375
13436
6374352
4862154
3702434
5367338
447154
1501955
5655603
3469941
1035262
4580545
5315516
132215
3224561
3707
7138557
4547381
2560147
4693342
1940644
130180
2036095
7575532
567502
2131613
2470521
2699768
134077
6637507
2001068
6886866
130486
1497530
4075337
1684777
1843146
2462335
1287851
7769711
1593899
5389501
5442263
2040928
362341
4654453
1257497
4610733
337925
6862039
3427778
182057
1842927
3935342
7050221
1005416
5318708
400497
2348319
6843199
5933943
3259049
495881
6741167
4693467
8165637
4144288
4684952
8497
6891129
3271412
746458
3644635
662695
6798911
3473313
5380284
408884
1395301
3513850
5535140
6861969
131612
1514119
1553985
2077016
2142640
1370676
464103
5001823
2036486
745241
2226727
5013799
1159332
961163
7242
135437
1850280
7862575
1718794
416716
6152356
3401781
2473857
2384160
1046633
1328847
5803137
1128855
2201165
390314
828718
1814751
4340018
1160019
585881
8185497
5721842
4885234
7633936
6879570
3494188
3468464
1189778
3670105
134875
2447901
437632
8111129
237131
5636749
6478868
7529675
3214044
696062
4641004
999039
524518
2015820
1123066
5430694
135672
1158110
3642836
8237578
6822357
7411602
888768
1526088
2091988
2859958
6686395
2109637
5258074
1696348
334516
130938
5347424
2443814
5660101
2403294
6074163
3636843
2225827
2498309
4164885
1538646
5576598
4030996
133546
2285685
180834
1952246
7352894
336738
3597404
1467263
1771696
341868
3273575
4199722
1675552
6881659
4003189
1663870
469253
3628540
128429
1542645
5596229
132269
3427696
459794
6276995
2340962
678645
6323
6048082
12488
3764550
6467323
431567
478732
1317158
6878200
131196
7645937
15282
1431638
3256324
390350
1104092
4066075
1117813
4009339
4775480
2822656
7353036
7057183
605535
134296
2292388
4085068
1340419
638734
6559834
7830924
6697746
8110618
428653
2465102
5070982
1082987
987026
925199
2355124
1085408
434002
6834662
885544
3432578
181620
794273
5573155
5737030
1356233
825250
1160071
1744563
1120462
1129567
2979166
5682622
4888672
3536476
4550311
2201485
2928590
1976734
5458743
1842428
1170283
884092
3658479
7142164
5801756
2302585
758938
7785823
486711
6359886
1300417
606533
135900
794322
3596348
6042229
5524764
7862086
7267163
5835165
3469020
6891182
6940694
1049921
2283273
3463093
3394629
3269106
1793996
6679278
751010
9321
885443
391084
1116862
1591150
3314501
4096835
11784
2028287
1919943
3994240
909016
1115244
1104089
135572
6929229
816510
1639027
4045656
546624
545449
369525
398129
139355
1533668
809480
803961
1359071
835181
1709657
845842
429447
2491353
128967
12634
135445
138968
766406
2946512
1786925
910340
2189256
340066
851645
330874
6007148
1683131
1558039
11658
1311845
920455
4167093
454034
1843501
394709
8249982
1288852
3790523
1870401
1242142
548622
756804
589618
906396
13367
1083823
1049558
135651
1194837
3761768
811408
4260720
750744
129773
1129000
2140878
1736018
5648100
6012071
128840
2865956
690577
1212407
5136984
1268379
3066029
1462161
820400
892348
395391
892464
1041358
877074
4655245
1578650
1978508
5245866
1088189
8329018
1035590
2170673
1102273
6479122
1729083
3713587
1316148
4533899
9747
646622
1722364
5814956
1987434
330354
2039060
3259946
133784
5804328
391980
1330412
11886
7699091
2689451
7355511
563587
817696
2511797
5660322
2225515
3430462
136347
134773
1949969
819950
2817532
1492340
888775
419256
3992593
2695774
1436893
799440
604017
4267295
799138
426546
3428121
1630461
788108
933261
805691
5531188
11670
129012
1604415
6486784
6401137
1188996
424449
13300
491178
1049033
4099373
1999484
180488
341171
1048953
181569
1683361
1203325
5419821
180263
3687441
2028287
139491
1988353
3163003
823519
671705
14172
1640639
5491475
7701751
350220
452758
13419
458871
548666
1159444
6480576
1223582
334762
138967
4080468
668339
3646652
355299
4128733
108877
971901
11603
14746
8096
7705284
2164026
1330160
4470622
478697
6467595
4479295
1132315
799585
756802
3472324
921262
11764
7772105
794305
2565578
129626
1214621
4320462
4040182
1637448
4704992
1567976
1589743
8304
13170
1843038
5198049
13464
1416221
1592449
1631303
1988336
7372125
1732589
801067
1776124
704653
6799140
2837751
482654
5444820
333753
5434826
136546
818954
1969972
180975
1317374
5800076
5090692
671775
426611
5092392
804672
1741351
2608772
424460
3273551
758418
846079
429292
1420858
3643594
799151
1923175
538934
539861
6465187
1087117
618450
1595428
5957125
781929
354543
3273837
986196
1863053
728436
11171
7078264
399346
5426351
4311347
1813336
3271017
134630
559243
1071711
375929
1406115
1158141
1673356
820455
2444433
129305
7811167
1089408
1260982
7683517
3218578
931810
925937
457431
6069260
4009052
408661
925407
815596
1290205
868327
946602
3474125
2837717
3272780
2428410
7820654
2306090
5317109
5667501
5654362
540597
3995629
5761401
1623664
640200
136100
4890965
10630
3301665
2384158
552032
1170996
833228
7723679
1168639
2023668
685712
446519
391389
412001
1664048
3381631
1551291
820612
969229
461657
7730410
4437928
1697071
892724
1019991
4381343
3474249
3249786
457962
1160313
128873
7561378
12680
975243
8328983
8127256
139321
1637309
430577
4587166
1975181
812014
1180326
1146920
140174
1736832
6785415
354354
15284
2192943
1035552
8009047
129059
541809
426221
1968113
678854
1316628
1105734
337405
3400070
888806
2412720
139020
1679020
608104
410334
11933
1330367
578057
10001
13547
5636122
1267471
1184602
3259610
1833420
2019840
1777302
3260113
570489
541223
923423
545248
4620585
3226630
823407
3496529
4578513
2887695
3521188
569821
5620063
4080838
430931
6578651
823900
585102
453939
5647026
3422714
928807
1851129
431629
181476
499370
2475851
3381655
3033435
6560050
9497
1189386
532902
1583917
7322
4021935
6996963
1784791
3524613
13812
1083189
5661690
3606649
929985
4028569
8195679
814830
5367343
539095
411969
4353409
1634418
6837101
236953
6635638
1041974
335333
1533543
1102403
6850462
410771
6218056
1203221
694419
6891077
331216
1009186
6775535
550084
1975050
11110
1350972
5136736
1158287
958237
539062
644831
338116
3208974
6478906
1241637
2798483
910077
6668565
912043
999973
799113
2654923
863389
7809651
2899060
574014
1410622
962765
1226696
7090679
7274787
1245001
3100
129722
1259303
811202
338496
6707206
5339819
452557
4467815
126529
2458916
336896
545715
474245
482241
417466
536361
901819
815528
1580411
804029
534906
5868201
10633
3259444
595715
7077448
3646140
398156
413807
1484851
7007389
128113
339104
891158
3483204
4688714
459857
688067
1247452
801470
400497
488928
865672
390149
3530940
3198664
8008337
10040
1302916
6397793
987143
445324
1496326
7694688
335766
1964428
2531967
330823
3708022
426668
1006048
1509949
729818
3271921
3309117
3346947
3440856
7705250
6563942
1186987
2887825
3150310
5326486
3107077
3464918
11765
987148
2756570
673076
647571
9520
13540
1065134
11767
181583
1732746
1776220
817866
2269949
500955
458187
397284
3646671
1612524
6131704
1612876
543237
825709
409117
13258
548723
6875438
11806
10189
5090670
1110216
452976
4466436
1455877
1464921
1077187
549109
4220291
128818
480460
4009325
635871
1020883
1370918
119820
12482
1419814
788087
2865952
5244716
3797607
136194
11810
829583
6712349
7841589
679802
6736416
138931
6609035
2809210
4262896
392497
919186
7696638
3196045
1662605
1110460
354376
130036
932859
11427
1537828
5376543
430991
6175
1438702
13393
1005581
541116
2234229
2851966
523637
1901350
816612
12214
417462
523024
11938
805672
407558
3994953
1669433
1592267
823110
407869
7497806
7744783
1109957
2005491
429292
135195
3247227
7697963
5254301
751938
604724
592223
1977376
1978813
1331209
2727104
128807
1683380
6669292
11634
6973854
5798353
5654993
1237009
334966
2783725
130006
925700
135445
1149184
1083259
443848
6473153
1318484
950975
4028158
6385309
10955
332294
541804
972007
1941245
930457
391923
7089221
7865
3083905
1088178
413966
12908
4215075
4009082
1030965
2566861
1421927
816675
1334650
449300
3581672
2407031
1479157
3761467
1278269
182056
662948
333956
4949737
5833098
127760
128962
2348072
1437081
1462304
2437925
459460
3272153
1144650
1102229
1000033
1910618
415492
4962305
2118664
7199419
828708
1638802
7416365
5798364
2405427
134416
390945
1133365
654679
7981840
394517
6559844
3991725
1567213
2343437
5289063
1065626
128367
4545424
2270401
1398761
3346976
1921001
236079
588723
761142
728385
459818
5804569
3852277
2216964
814880
5280567
6068490
1325431
6636981
1562308
2934029
7086216
330245
4009131
1826571
809430
3271043
1071677
4410913
12021
6004999
450586
10799
6636582
6909687
866359
1055806
6830493
6287369
1929098
3485836
6744641
4009384
715501
1527805
1451514
3273878
3432353
969993
6548182
1904596
1030655
1201628
8237704
809898
1076247
893877
838411
5762322
6458410
3225033
1056093
1590301
814886
1089487
3381355
3560585
1069287
5315948
907530
749517
3709569
5150067
2407324
7260819
6681924
6618127
6705112
1848272
6882483
8105374
6743472
663558
3207845
1580868
1804459
1085530
6620337
980711
931060
744700
7770394
6466854
402858
3194418
3249716
4506567
4542094
5618339
775306
1247059
3544100
5054289
2412822
1395689
1144410
781071
6631756
6976055
427386
800804
1911492
2865638
1576164
1302763
3381895
1225590
1791362
1993725
6699566
132511
1540164
549424
1992353
1182968
2460378
8281923
981074
3654372
7200326
452142
7582100
5968386
1242613
429685
6977981
1361189
2003723
1835520
704617
6618174
1670147
1967830
4613974
5349886
443198
1843316
1021976
2066265
930028
1114568
4274917
639731
236750
4656765
4024292
3382132
1083717
7187976
891639
808366
641696
6989956
5029651
1745380
5095953
3147425
2940823
3274166
1003777
4261516
773947
1152452
139518
8114957
341534
3139034
482034
3107550
924242
2407582
131571
2352813
5865613
3388330
128390
2798125
2491756
809557
2367695
1727939
6632502
2290913
1533416
2368272
6856312
6690846
1270415
5150070
390307
906191
11868
3810028
727354
842740
3188458
2282402
1170854
2225269
7363849
499560
1075844
3530497
4804521
3255629
991638
6827685
2396626
8109018
8178629
866012
2053507
7784560
1124170
763286
6484693
1181954
6905678
181275
1140281
5762371
1675089
1987259
5019767
7225268
8031539
8268672
2412806
5288704
7704356
539064
1979253
1201472
1447095
2392480
814127
6684099
3334908
6402059
912046
6820810
479409
5107057
6358766
662366
1589907
1242219
2969823
4565862
2024266
1124469
3141659
1450355
7047154
3077737
3559751
3255651
639726
2213022
1652329
1533645
7772252
1347308
427376
6582225
1050880
2292557
1461306
7018053
4219424
755625
537733
549575
799809
3503513
2862910
10743
852970
4058165
1034031
1577115
6130462
1540870
561384
6302174
6001615
2071245
2155296
1394713
964642
3254039
1036421
1077485
352343
181170
7357521
1882344
683828
6637025
982487
1144525
1748996
7293675
6766672
1610576
330243
6318911
8088505
7811183
2144210
7723521
8247021
6640888
3278752
6460663
14595
3138461
430591
2294504
809023
1106957
1147560
3481840
3285835
1959676
1928275
1190671
5844709
3385196
2106710
1022298
3314343
3196345
335352
5060238
6863995
838514
8111680
5974588
5279322
8111668
2368268
7702131
6692027
1048965
1035776
129101
1300476
4076276
2585038
1325412
6865428
7772098
845750
6883565
5037695
11861
8205635
413421
8033952
1229808
1629846
3228632
4009252
4577352
347605
2164883
4219166
411014
6966250
1826362
640067
431206
6633093
1203326
13491
5442207
1071703
1144731
2402968
1502831
3326318
128169
1605454
14035
1260392
6006702
701132
5974579
1510463
799827
332168
933550
5317180
5706250
3243554
5314106
7161598
959776
2401946
408662
3196335
6639887
1010063
3194120
5919558
7699780
4489885
6367227
4542130
6449194
2005286
1927605
2853301
8269338
7288403
344389
4736606
914576
7801870
7664101
5099606
7797580
1389240
1785654
8064901
819601
12605
2941273
1791452
10797
1848364
2444166
3196411
3255628
1034112
1939010
578583
3388346
4486661
8117659
432232
2420755
7696175
6582608
962564
1542405
406991
459708
6488250
7071783
2379031
3532276
7696518
3663698
557617
6458500
2019703
975212
1467476
5724128
822414
545408
838396
7466390
2825076
430348
7823315
2654691
6587537
2462360
5802044
914809
979879
14307
1796972
6765860
3160777
6834638
2019810
3081140
3398649
7108854
3422505
8272227
1732550
800417
624902
6548625
829790
5281100
6458393
3260028
1633389
1947326
5801580
6467314
5312154
567808
7795170
2603929
1272773
5724127
4490023
505880
2407571
427403
3852147
4886736
629653
1066709
607704
5216218
7724330
2517156
5030491
1406917
604740
1626917
7144867
10354
1713931
390681
2279070
1675564
1495050
1993726
2444571
1449119
13697
7764224
8031056
7653745
839736
1658556
1635813
128112
7414709
1709819
885354
6827932
7790569
2290874
6954304
799639
336701
7083511
4480782
1170665
13956
1416155
3491273
13031
3643588
1805643
1838561
1245886
3240247
1833626
1537934
1406903
1589890
1540788
810243
3984904
5088555
918826
799797
330377
922204
3280117
815095
6938939
1271869
481957
3050298
2213563
829776
1039014
7275191
901834
7328579
2242712
5199249
947364
2421471
7700555
6396400
947047
1020527
1748994
833713
5741538
6622203
7166381
3388188
825031
797770
3935165
969746
474207
6380853
6923518
1134362
1721786
1614350
2860655
7352770
3083955
2397693
1720051
2142871
1620306
2206443
694521
1462939
4982986
819596
3036187
2084093
7181908
7701903
2322218
2490034
3489221
3109884
6631588
928406
355075
3618054
6556258
3633070
6667929
3666076
6617820
1118766
5644085
11692
6088506
181855
3346818
5224303
962566
374174
3546180
5308299
3334918
417511
755866
6058977
3481162
867789
134825
434070
671911
399321
6472169
4039223
6884451
6954750
1637968
672129
6152355
3248808
10578
7071088
6380907
6383284
10793
1451483
2135765
6473685
646631
5834909
4679111
8271350
1590304
6458380
2445201
790517
521026
132359
1357844
2590304
1395690
2225290
3521203
4200560
3503234
2334754
5264708
1988326
3217930
6614256
1906912
545663
4849065
6989884
984188
2336461
1114750
1947800
1636657
14872
1170067
4553077
5133998
416883
3388306
6003533
3649890
1602980
5116752
1012648
3925930
2116813
4095649
7466400
458252
390201
671950
1436890
864995
2040741
567447
647162
8242022
8249948
4101279
481725
1618118
561846
873753
1165970
128484
3432366
7862720
772406
6699457
2720035
800488
136394
1771857
5244457
950457
6071200
595588
1850217
6382041
1801168
3718829
3422501
5066048
1328918
7804185
898899
557799
391287
978632
1336718
8064902
1469299
774256
2444336
970660
829757
414090
8229901
2433656
3454434
139514
1083744
453000
7431970
1071821
1722006
3544477
7996902
1593275
3754468
7701358
8304973
1982621
13726
7562345
5116681
596216
783911
6880223
3388347
4166640
6559333
133622
538926
921349
1022882
7074296
6778015
15087
814157
340067
5931634
135545
5321199
2048429
7958505
1238034
1134745
729814
181224
4008055
454789
2024877
403161
1788158
3255745
5961100
2182265
7482035
3196353
787732
434071
3226959
844992
1452223
2867575
2303424
1075037
2219267
518841
417666
7431933
1538885
7663908
334191
1811460
3109887
6289108
138957
1204776
1650378
814828
2430863
3324903
2084018
3489203
376151
7105391
881807
3258815
1952824
5864434
2867691
2225274
7644191
7014956
3364154
7105372
1470601
449465
6637423
1980052
1953675
5390553
441536
453779
1716149
8081290
131738
789312
5281882
2737061
6401130
1423855
1756831
5615959
1521161
2314313
3114698
8287765
3862680
7369573
1970305
1038990
7038874
2394692
3653883
1612529
128856
1575975
7779802
4594654
3655751
135392
6891147
1021285
454239
3668077
1850578
3469206
8230307
810957
817262
3516305
1567458
2948274
3212485
1573094
1438137
3456016
2805956
1120585
7953211
6848679
2118934
6960041
2352842
520170
6378429
2859827
1799044
6401147
5159116
1010068
8101159
3847110
6886836
3258872
14644
2113798
135456
1492367
348538
819595
4684715
6261205
6158767
2281323
8111136
992868
7816939
333714
3430423
1501923
4698081
3428937
6630624
3211946
5802180
130225
3422565
933199
1727443
545767
3326347
2130190
6192217
2842150
459049
2260857
1113154
1546539
5315413
1390387
459644
4492540
4549959
6635069
6948892
527367
7427274
6959992
1794085
6298797
5983702
7048299
7748039
6710597
4080885
1080709
3326355
978205
3598675
389674
6381947
1206197
6458413
6671098
3207993
4458102
781146
3708637
1243769
817542
3408241
2130198
3089150
6118381
1480182
3322399
390182
6089945
5702687
764675
7801873
392046
793569
895684
5504739
2026158
1670148
6466824
7858202
1065926
926839
2142755
3473073
2694617
346990
7795163
2213311
399319
637668
332352
928400
1042305
1769275
1277436
663852
5488111
470058
970891
8013810
520162
7695830
3388312
7698448
1079374
5139965
480741
1118442
1194531
331601
1791453
410426
810995
8200959
589609
746589
3090832
429035
5279657
2692832
733741
390584
7865448
2043721
3207008
6375547
1309562
6991865
4486658
5119393
4076259
1711663
1801196
1071728
1892096
1929123
7700289
2031230
7695645
653796
8225741
1772832
986186
6478879
384843
491093
2170400
1969894
3521367
776860
873032
993660
1974917
1044187
1853119
135853
7843554
5988600
2379033
4213864
2977287
3314920
451487
1231721
1186684
2804316
2039278
2600728
7277072
3625530
6023031
6140556
876989
7411613
690180
2297129
6291721
7373119
763546
8008331
2785262
640106
1591624
3332023
3212459
589968
1330538
1927591
1284375
6992753
8095233
5257743
1040818
2888822
6073293
6587536
7731178
3346929
4254619
6458433
1540328
889592
3446577
1835264
6322049
1770788
464004
4010762
7051924
5313905
2045647
2798144
4202262
7156121
7701606
1452058
393225
389550
1156113
7797595
433221
139315
412855
820459
989669
972026
705013
6155864
8089609
2809669
635707
1192883
6372584
2037248
3526788
537404
1023073
6630145
2445207
1629816
890880
1046402
5209764
3388259
3485390
3564492
1482910
6017943
4946549
1851180
671916
6557129
1140592
7701832
4716429
129424
4254622
1773321
1637355
1330814
4874909
2430672
749596
3741232
2841897
5241646
6472315
1794067
3414958
1928928
3141820
3388204
3356937
1840883
1240000
1816090
1692867
5452583
7783503
3663653
427370
2387044
7066043
636222
7853314
2825110
479412
1734663
1327396
4759621
3711816
7847174
947363
1071408
1890369
2151633
1590071
7466195
4688728
12725
7296379
1401585
431212
1459304
1237658
1460585
2144274
966591
1876595
488767
6629458
6131721
338892
1692417
646669
133551
911223
337264
1589652
1071331
236645
940101
2364418
4403905
564419
5678048
3465046
7805989
6849450
2084353
7564762
809537
1368967
1472836
5406030
3255657
1594136
844372
1978178
7802615
957887
776378
127852
8212556
3230873
12670
2109743
5996621
1636670
763559
1121530
828827
132896
799251
6736831
7307583
4804519
5252992
7956600
1180688
1970314
1194780
800791
2433400
3258447
1123844
5316404
6845645
2343657
8154258
4074129
5489927
398045
1962916
2365894
1735997
1907701
11133
1436924
856401
3356752
5384281
6203860
792766
4409754
7466391
7090822
6008014
5844715
1073432
4009106
6699207
3178676
5589134
545879
966283
3083227
1436410
3272315
5909135
970649
5996615
2026671
3225139
119960
833205
1913621
611597
932947
6461711
583784
5235017
5943546
15390
6960520
769310
1183764
730344
1682519
7699998
1850173
1780300
5279553
1472061
804739
495597
8307493
7839235
4728550
5419018
7364813
1141339
4592691
1270520
1929012
3676592
814250
1088390
333252
6922720
1516769
7280784
1505787
8271876
5392656
616040
7766762
435539
2219192
1748966
1527778
5816591
6480001
4528651
3551149
763327
7701854
5057405
10593
4724818
1892588
3255705
587725
799121
128605
1916523
12542
1992959
1788323
563765
132584
1540402
2184679
4452108
7291206
2025765
1979206
6949146
391394
489516
1170810
5140820
640130
2798129
129169
3435687
6624306
180660
1084142
4185404
7695933
334807
7108510
6169109
7754325
5762331
7459079
5392168
8225903
410198
4686097
5226873
8111586
392008
786589
885116
961753
972163
7702331
1805598
1771795
5968379
398158
1275172
392617
395082
1273319
524442
5982261
6560368
3460566
478103
3258485
1133211
4864757
5279519
1803643
5684410
2037118
1247049
3072468
1172490
15533
350876
5231740
964927
532508
13228
8022677
2421791
10745
6489493
7839777
428606
952131
5066057
1973321
5088554
5730098
6603891
8305666
1389277
829714
1406900
1088116
417419
1736797
1832979
776342
5359200
7196284
799952
5684187
7556194
7166350
5004238
8205633
3587637
2269873
501256
1203531
4220051
3625507
482528
2798147
4744037
413616
5519014
5688226
990777
7777986
2811446
2627246
993858
391197
7896826
3668228
1602208
7808518
2030970
8252792
1317406
5226877
3744296
2040742
5199397
7014930
503370
2826331
7306689
1035868
7980609
5973208
3314506
129506
3651144
491364
2415166
6895376
2201090
967728
334110
7010392
8307889
129343
481984
3675729
3603173
4922353
2914555
970049
7669318
373638
2837149
3501394
7368224
1134361
3629422
1006044
7699322
5489917
1083719
1175603
3422738
6886896
4270489
2209539
2878503
6070997
3364331
5798875
4987845
567127
6556259
1296626
1452222
2431386
4551093
795186
3666077
1632416
533335
1147199
7695813
1440633
2383378
7992558
1808991
3746357
890189
4097110
3211177
1531802
5289294
7770638
2214761
1637450
955238
1638211
2031777
1087562
4682081
991099
3422538
3852118
5589101
4818052
1972198
4875253
2170983
1421109
1474504
1391590
6112511
337836
6891458
897563
1602131
6577039
1744715
4218055
2028542
2990712
482898
6069264
6712054
7426334
6058910
2393660
6206162
5352233
3422573
2817320
7695496
6213608
7700004
898869
3436178
950438
13615
4959182
6370993
5800041
5645540
413995
6742008
811424
2379101
2806586
7982924
563711
1410234
1545002
4588259
8212557
566566
4696201
5626987
7700948
7862678
1842736
4351000
336132
1312185
6006775
352318
3138547
5963975
3655582
7955515
6301174
4037678
1111972
3089149
2590305
1593426
1778552
11096
479186
417517
6172650
130855
3410482
2724384
2227285
7698542
13339
6072985
7698073
5761507
411877
1602848
8222311
426672
2316146
425458
747345
1076784
1450893
2106711
2565206
3140899
6682277
4050024
7705207
4988941
1036454
2017625
1929038
5594114
181351
7669398
6832887
808790
690093
236256
4505439
7998338
1117774
931831
2225289
12959
431018
6921761
337738
6970513
8089547
1786988
4160146
4293915
2991473
2142668
3556015
7785891
1419082
1301059
6200368
3746028
1266973
1625048
2382839
3194494
1511414
6375984
1995537
865821
332210
5594169
6640573
8080041
1240934
451977
7862732
11721
3123689
3526787
943623
6456061
11072
4477307
518840
8031233
2801440
809544
810262
6329752
1978235
655649
825254
3545303
7201638
999945
982713
819633
6392649
6821193
461981
7676942
3381929
3474205
1230420
3454152
929796
3153058
1340318
6136000
6586471
510825
3460565
5458465
3255330
821449
3088741
3692609
8206126
833532
180957
7797564
918726
409854
6627696
2531718
5658396
917055
1930253
1654765
5813746
5271241
3291872
1738466
434018
6006693
1719140
609709
12635
1390290
1712704
493918
962818
763753
13398
1241621
839138
7145417
1834081
1242577
4555251
458669
3474128
448669
2568957
2049425
6818321
416954
354151
7071086
7211059
7702328
5002361
584041
7025236
3598480
1813285
3422517
1988331
1044188
7205356
1104687
8249965
4598189
453240
4378736
6692108
1540275
967984
584755
1060606
1021392
1586598
6373709
3422592
1473766
4470665
5895043
1636616
2169679
415486
8115221
7089632
7358982
814238
1049946
4772644
5542938
3409558
2851622
837314
1149134
2028483
134809
11263
952116
925458
1437064
339604
773964
3654320
1469057
336216
461632
1189829
3422529
1532486
7794877
2568816
4994717
7700279
4872316
6614257
1723094
3559136
1389241
2292421
6866094
575034
7563327
1594075
1907984
1018564
2044283
407110
382413
1735919
1748934
3273327
1206626
4002129
1689705
2322238
10632
5672738
846044
3148701
1372659
1014067
7871805
5761475
1336207
461800
3341228
4054585
3440878
7797545
5813293
1076301
6945562
848253
3663366
2837579
1253033
3851707
15107
12093
6673436
6936973
2143814
6203885
544205
3326593
3745284
747870
1591644
5349473
557555
13650
2264093
2859828
4388611
3326158
980701
2153269
570899
909038
468672
7553005
936216
7553006
3123659
6685612
781312
2024731
7071853
2860385
5418886
845756
332274
379596
1327649
2101008
820454
1016292
7371994
1603443
1525745
6096474
428851
129213
7731180
2390040
1163517
827142
7270575
775308
1106134
908474
399966
12486
545722
7142174
640197
7663896
433253
1404831
892700
430906
6083521
1523440
5844724
1045983
3027359
827971
525737
820416
6381982
545716
1925086
6612424
3178116
2289817
1786363
5392651
3572267
3658872
2290829
1987364
1523185
6556116
452025
7960210
845570
5972154
1225511
3160712
519814
3194416
1638213
646531
662954
1528810
864435
5685883
8116928
844674
390739
6486827
967710
399971
1270385
1979276
1056569
3225108
946076
5495223
802269
658810
1074504
5390568
1395146
944838
1838931
910356
139627
1405583
3341225
566586
1927583
8293376
2490237
1334648
7801866
332337
432257
8081255
1077284
2292182
458719
6574531
6807168
11411
6151425
982676
1811175
921350
7105449
1469306
541822
4603951
128942
7680487
7700807
7097630
2334730
1720022
2040739
428926
5996738
2103217
928542
1330553
2213861
544931
4478856
948197
8222336
7355537
8153886
2040740
7701788
2288774
6458406
39747
4200218
7801833
2659681
6620046
4009062
5644083
955398
6872765
2048707
5092967
457605
1512729
7849274
2288433
1776052
7582433
7996726
438905
5381120
6695665
6155857
6401132
481921
3305724
7896781
7698501
814121
1631151
802129
8179270
5684431
1977927
130607
389252
1472062
940954
8291684
7065279
1016421
1992774
8308015
2067533
4470890
7355644
2053465
128973
7048087
879077
1832503
1144756
3744551
549307
1614308
8308013
5393354
7204950
7361744
5828042
5688082
933281
6480563
395619
1018523
640072
1350059
665495
136228
6389397
10610
4200557
551862
7700994
8274128
4038297
2020044
2769194
5637661
3217928
2887588
2887999
538336
1126782
1589661
5094195
909107
3196265
1738142
843398
1831504
2219191
6132472
6388361
427115
5844708
482018
338264
7793347
1967756
3455187
1852570
3711815
1469265
1137806
130773
1169854
5278670
1171857
1118067
4237963
4381342
6937094
1149189
2120891
1341845
923375
6865426
369563
590586
3746358
6736823
5560083
488106
1706574
2870121
3072625
1748050
825823
133737
1798080
4728544
1078014
4993043
1840895
755640
1041435
7134863
1974656
1773307
7431929
6875398
2737023
2444163
4962028
487888
3221296
3483468
2398169
1201875
7801900
5998336
5847798
4234044
7701822
3759177
437951
2511945
2701845
2037119
978945
13542
4642674
6620001
5319161
6966660
7784967
3257699
1335842
1041384
2846611
7858179
548970
1032672
5783270
6328382
979859
936520
6307874
1973329
2035593
332023
4510857
5791952
1927592
2388522
6941640
13021
4920355
6864345
4592692
4409562
4051604
407218
2838887
4310502
745231
2307756
1102775
5127693
2468011
7698489
3991790
4804520
129601
8223671
1590955
921314
545402
2279065
2311161
1840897
799799
874681
7556193
1369585
504009
7804218
4875594
6816084
1538839
2015689
10961
3271516
4920257
7166659
180243
8098098
7074645
911137
722678
1928542
1301118
2274438
5019782
5140972
4786282
7698100
7086317
784843
2707540
1745066
1985005
3629404
6456057
2698205
332628
3259311
131925
8200003
940938
7427273
8225899
4643053
1787986
5822356
7094069
638464
1566169
13309
2585042
551970
6971330
5781704
2334408
1459589
1603448
2337075
6959993
5539231
4403906
5906500
1163515
4195778
1109394
392590
5417829
6626631
7339809
7047364
2212439
457868
1987087
2819779
1254007
6315593
132035
1080513
7356050
5054499
5626901
589255
1526042
5496426
1189832
5798766
8111564
3852789
2126625
1049899
1485937
536812
1229261
7480183
1931040
1600712
1400917
970034
7698985
2940831
7332164
1076244
6384129
800448
3314293
520008
4868340
914891
6630956
4608001
4833646
1046534
749425
429896
5655220
839762
2373347
809386
943377
1654764
2234401
5658406
3255719
1597988
5385576
3856941
3457447
845762
7105366
1990685
1170592
2853259
1540338
391252
411225
3153531
2867654
5762391
1463910
1395612
7698263
795177
6069254
8256016
2154371
6073022
1391135
1712702
7352646
3249736
12326
678751
1078350
4684943
484972
6960033
830392
7045067
504153
3230872
2382726
1182882
7698228
999920
848686
129639
3399347
538918
1394606
5294815
7675764
1230071
4256000
1697323
4296426
1593428
1395040
4489948
1991119
493919
1087148
870409
3603698
8223629
3642159
6710576
431006
237102
3923163
7681438
4477985
6712357
2031779
1153896
936012
5364576
1405418
1960512
1492373
1241571
6812543
5666906
7785890
1153259
4025505
2444572
5404005
3676590
747310
6927202
508682
3926514
6537019
1847245
6878139
1140449
4963302
7758090
5319157
6558418
6381965
5299512
338187
11607
7774210
3516274
6283910
390709
5761482
955593
354205
3745251
7358067
2350854
8088472
5891590
7266479
5281881
3457945
5909106
1232496
545813
5933988
908978
934643
2087144
3272850
788053
1916500
454427
3422627
1756845
6447886
128581
5643995
6293493
8079759
1538531
5983886
1461303
3089272
1270300
521301
6458402
2928695
5771973
1001581
1042537
1838604
3654739
7435289
3392284
1585920
748339
971686
598938
1947889
6286520
2020770
878630
2125683
1681058
1021818
2105152
2037672
427664
458222
5091108
7125602
7699727
474326
2909099
1066750
7793117
918839
7705239
7135936
2894187
2811739
2046341
925434
891466
597888
1967273
876690
342152
1186016
607331
1688979
2894094
6303876
1061892
7050333
7353081
6848641
545717
1019773
749420
788990
992867
6549589
7858200
1697392
1502098
3654175
5655401
7259600
342826
5351452
1602562
1186010
2941853
928614
5437388
7360624
1050004
5371828
8205741
5437278
1178308
803952
5491479
1556367
923441
2058594
3457653
477618
2848849
747512
7057248
517044
2929223
427383
415507
2981619
810244
7482841
525125
1228101
481656
5105454
6826699
5622527
1507706
6463241
1242601
8268985
7699865
1406777
134140
6627088
6378558
7730284
181156
2181952
3399201
410431
127548
802092
5437464
5788267
486709
6833042
1097883
1242597
935115
928415
827251
8249910
5349961
6371733
2037133
1911491
6540315
1589089
1358736
8168157
2366058
2378931
1370631
1831164
888997
2508377
833136
4049507
4992785
2737003
2118641
3228677
747905
909097
352603
1018754
3129035
1461447
2517219
964841
4883528
1394609
2990767
1586538
2860184
7752051
6893110
1774385
5591070
1813296
1575042
1182258
3260203
6839916
800394
6944549
1395133
838418
1558670
543514
563297
1159241
7811536
789403
5002603
3225018
6624056
4572012
3466564
453531
3851719
1302798
1066611
3385450
1018836
5521489
6551306
2432040
129352
451810
7701840
2114038
2694471
450505
819597
2475922
1833788
722610
452734
1020008
7151708
631218
236752
1275176
805114
12950
4526919
6131836
485224
6968542
549711
457890
1036147
1071058
1110433
3388337
544719
394457
478918
1592349
6061785
3225027
1589895
1593149
5304092
1202009
1223578
2131072
1727087
7668444
2160607
2405300
1450842
7699515
3240863
5238459
3053298
5468886
5468868
1406762
3746029
6906630
1069868
1099412
5350882
970627
7371376
1735978
1546237
7109425
6959263
5554274
7776389
4737621
7549497
2763005
2742729
12525
1811172
3160625
3525947
1594183
1403453
5078283
3762223
1696948
8229894
1964802
800391
815049
6620113
961063
10589
5072684
457662
1370405
788677
7847182
2837858
411745
740727
1977928
8116561
5766835
1639039
555252
2026337
3255683
560660
712166
11901
545718
6050840
1001254
1091081
3557267
1623700
1106171
1911524
1089533
2028868
133662
1220700
5029317
4009611
1245703
1809070
799403
2590286
3673528
237203
7644384
3590691
557600
2185817
810228
1395047
12495
825699
4871163
651642
333283
1241012
566024
1236514
812974
1816081
3033408
925558
8264112
6466832
1849927
3924421
483246
6941672
7797615
1151461
1055681
8305328
1241729
139704
5158271
7793893
451515
411011
1406924
785711
3071852
7771616
3357367
7783320
962522
12474
1134560
864994
6203853
6588996
13921
1285016
7158779
530392
4958932
2389479
12760
2153131
1988572
3008489
718494
3028909
1460633
3260431
910564
3141635
1593685
3282664
11860
2260098
1402919
1979147
5255488
417893
962425
6562698
731674
341894
6365692
330204
1928548
3673151
3574278
3708878
4868351
3047193
1187136
7774108
13399
1654763
833270
6854989
485199
2807096
2350320
628264
4577945
3603630
709211
2144357
3435308
5653903
1182856
1146908
4855547
3753518
6848002
7151979
11241
637268
3650577
823610
804600
479533
465452
6486797
722776
6381563
2659674
4451111
808970
6295196
907184
5381212
2860505
13405
2307747
132698
2017610
1498389
4410764
2781382
6968605
6474197
6935928
2355015
2021620
2037017
1251143
799320
4544997
3894511
801886
797147
3573319
406853
8179258
5716616
435289
5551365
1083178
5243677
5021948
816828
1016418
7982959
7790913
181251
3598603
5906501
936452
1832501
3925943
435343
337387
2114581
1931438
8009301
13730
481982
2109672
804724
7547402
1247556
820456
5761469
870897
6324173
487324
1103181
967804
2219190
916741
2110043
1134557
7290421
3940916
817714
3544478
1512944
6765045
422435
2769445
635691
690618
8202118
1540811
355151
3440194
486663
1470831
7664194
5013412
336749
1133842
6958875
1168102
5206262
442155
973639
7089503
2398170
6778005
749595
2389460
5820832
7696439
4528654
7841727
439020
7698242
5393600
6454062
7431925
484729
524580
634966
430417
180666
6985984
2426376
2402319
2048728
3146941
2929220
1433231
4142132
557607
2808292
7358636
6402050
1082273
1331629
1011440
8281771
542930
490305
4567277
7784001
1495024
5441640
3673858
799794
5626930
3493818
7701741
4434674
3120462
2504322
6855509
7692748
4086493
6805673
1187013
1548549
394738
2365897
4895875
6376271
1440827
1133826
926910
931591
1336731
413383
1798990
1049661
3469050
6402361
1297837
3656837
1182825
1084245
7698001
1452049
842388
2508845
533668
2750316
2840036
939319
5764700
740668
2229297
5492297
5019519
3503878
3381854
390271
1979164
749433
493508
1564207
481691
961220
1232695
2010949
548012
1876704
128391
1852913
1426955
590585
13469
3117597
1987090
3446590
2135684
2948667
4008649
5755169
6710563
4750949
1249488
6006780
6283898
2602427
1190644
795178
1580854
2009649
817931
1805604
7479573
949717
5403582
4505361
3314391
1970281
3008451
11629
5741748
2420654
1386496
1998088
7352841
1931382
906184
939125
549761
696075
1231718
7029855
2164094
728098
1612346
4460638
7242926
6555328
11084
6016184
6896052
1009645
6893131
3465759
3801901
5319160
1258964
2140631
2442481
7845046
5781826
1033765
5996742
608024
3625528
5909125
394630
893616
2091913
8088478
2950057
13628
2414802
2799666
7705246
2838494
1337960
6456031
3704236
2019727
713143
2365913
431015
916696
2407323
3088712
2390027
7057154
914894
1180681
7098006
5373445
6572944
4428476
849463
8203691
1368776
3165518
1724428
6080523
5334727
816659
1018736
3991729
2217966
338015
1468654
1838602
1134591
7553066
1585921
1389287
690203
6085089
348527
3595769
672918
1184469
6131843
7871782
584039
6155537
970092
2436017
6637056
6297571
1189048
8232811
484827
3273080
1058607
7007263
1372219
13653
2894200
7251375
1576844
6206375
797932
897095
824258
6137641
1602198
4765854
6307255
474850
500781
3514499
811360
7956638
6152090
562952
3336220
12798
11067
1068996
2131630
3117585
3741283
971429
3474831
2159432
6017951
3401796
3273886
135585
3410317
1242541
827217
3430428
4736526
332377
6031131
5224092
5539414
962578
10669
8165936
5663261
840397
3501259
140120
3570751
2659656
2889875
3272858
6456060
898269
711887
4602223
3292474
540852
641332
1756480
8111688
2349214
1804394
1466394
896279
3436182
1213335
1009891
1516436
1987179
7774207
4765557
1606442
826632
15135
1000098
437652
5019790
1516461
2837058
1139320
6073886
2826206
2022456
6691945
909043
799424
2978794
749866
1131774
2489811
1383703
7960280
332271
431003
1723003
1931459
439566
6892297
6161904
3646688
2211975
1054198
1629849
2094418
482881
1317817
2289718
8305616
2694612
416962
1133347
1452211
332264
1591759
5179103
130021
5626882
5406029
423616
6697253
12051
619562
1049027
692052
4467722
7244568
4550857
470062
2801409
1987444
4213794
1310293
746725
354906
1752075
5761502
2520688
1234107
2650713
1818588
3925693
1033054
1614301
5279487
825117
570944
7701260
2334733
1169408
1527780
802526
1741022
427862
829730
573359
2444266
1151439
1472338
6821637
1927599
4185877
2211556
1065937
1075435
6844786
5054500
5535427
4653694
6287345
8119098
2329938
2940790
5254228
6461713
1775473
8291685
631742
1531834
6778605
1183768
2913717
3422740
8237596
1634303
7280968
5385554
430953
8245657
6813834
5156823
1573097
665598
4252015
4959095
5598213
3139023
2426683
1424464
4471779
338108
7663855
711258
1949982
6959387
6631898
3513888
809905
2962697
7701925
2018952
6297165
1395127
3255648
7485457
1120570
7774835
1054826
5198140
1231581
1924649
1590962
3655745
6287723
1816006
6933786
825707
4462877
946295
7695256
1395147
3388803
7580312
1357195
3258626
961755
2091911
1261594
1977988
2447199
3194548
429909
5072753
5909199
7528145
413992
13278
4097147
7726777
1463257
7563235
4207672
829967
806098
3272739
5803094
4142113
7064515
1339613
3745157
2290778
1670843
5002544
135584
138950
3092742
1737743
1850607
6287701
433016
548917
1693603
5493930
4477306
6133740
473841
750747
5359199
3643056
865607
2181410
949387
2058771
8303074
6599722
3625497
1538548
3793408
5688227
2888759
3649793
7694591
893607
4083321
1473771
1406885
6545552
6894394
967180
3117598
405955
1300449
7281707
3660041
6891652
1475940
6860766
6460664
2077964
7553058
835172
766296
835043
3793690
3326349
1612719
7582278
809325
869043
4185075
4916662
977139
1046764
1016250
6614296
3746031
6948981
1514297
1579635
6297048
6030076
5282031
1239026
2837714
909008
3501576
133821
3346924
1494998
1368970
6216517
2659874
1858150
539185
8000182
1654759
356611
4473565
6549782
5461642
627477
7886956
5120198
7815763
820604
961561
3566825
1330134
3764453
7106326
3230867
5366719
6708560
4213984
415773
561858
1106180
2221948
3670086
4218496
2608740
979717
1186170
450651
8269273
6385810
2718328
545997
5321582
2755196
6818161
3639953
1911490
7092978
7201161
4682078
5674611
1692446
1108843
970684
2058755
1970005
11951
7725098
6329665
7824897
1497939
6963775
640071
895911
3654316
959283
5437402
6199315
6931981
6710589
2445313
2142767
