7731107
2857257
3314301
3474127
6917746
6671686
837707
3311371
3660771
2563893
6880129
7669371
181682
1172471
2407612
487933
1060294
8067962
7785856
962383
1492618
428753
746262
15134
1339889
7007228
7785971
799579
474265
4583727
1186240
3787345
8287038
4142221
4128881
3466465
7778270
2106643
3602544
1430328
130627
7763069
127597
6832943
139419
6895116
7850
1706555
2420875
1997632
6326464
1099558
119844
1103838
4520879
4552151
3259801
4646702
12425
1709115
7853443
2584700
1168073
4080566
1330904
2048528
450506
417265
2814405
2173400
1184361
6456053
1883816
1329055
4582250
136103
5418878
991854
3480
4299617
3400063
1360541
335814
2407587
1600939
139646
6632895
1272199
4176434
2070756
5389666
5516124
1330679
3386222
7847202
1846301
1344152
1519878
426911
3278124
1191964
6463429
3394
6452603
4919250
3978223
6716723
7166485
1637863
1977673
4096457
1122563
334770
4353993
7352846
4594695
1174548
4627931
3630579
3273705
4217332
1158221
2045989
139815
2035665
346987
1114469
584712
6877579
1791868
1816016
5334747
400826
1692706
486881
1398700
4960858
4404075
4207716
8237562
388246
13044
4765003
711066
7665320
478949
559281
553622
4868338
2135605
1643878
3845268
7412081
6739250
4170693
1019191
5290930
135132
8064977
3523357
5931678
7561337
2482774
425484
2804478
1891864
7046675
6975277
2132820
3466154
1337081
2054843
1330093
7701127
1724325
1658043
2560479
1010872
1099871
139292
1171006
7564943
523033
1082017
2383856
438815
133093
8085934
4779650
618132
7243061
2040710
8003795
1270488
5475296
472178
901798
2292189
4779720
6463543
131122
911190
429047
6462980
1964733
1369594
1110100
4854202
12559
5391305
332882
772457
2699623
7698479
1365270
1301685
3922587
4236621
331157
6545655
339729
7482699
4827422
139737
958553
5896027
3237450
4598292
938166
9272
1639045
1957553
6381022
15000
3444755
2176218
7124874
1690321
4626007
6133630
9151
6936995
8315000
1475993
1722193
5386482
6700757
7696066
4266759
4583305
3407707
7801848
7701847
4009492
5372014
971882
7725025
659047
744365
2187081
7290615
1133842
6828
1102609
563862
434001
955923
6863788
1802677
5382849
6741155
180255
6891450
5661732
6560402
6839906
3890
2061276
7981765
1347385
1053339
6887
2158329
236948
7773530
5301119
6186162
7555021
7124911
7778292
5939191
128987
2048109
548855
237216
7700572
6576611
1922129
468824
2355620
1368804
3640287
2182376
2946525
4604135
3647489
3049947
9677
1849864
181306
6464392
6195159
1725296
5284869
13962
4995235
7806
2284624
932064
967712
465701
392032
4551989
130066
6854370
898365
8237784
3175
1840356
4139887
1399316
3216093
6474163
5332585
9080
1341587
536380
2392200
8304795
551943
489512
3467069
1692906
1051723
127599
7448988
2061837
5800491
130846
1354141
427743
3716
1630080
7889014
1251085
1947479
4757845
5804430
2397222
1683164
8270421
4524151
8165613
7682328
15441
4215165
2559835
4722501
1637401
341352
441946
8257070
547882
135036
6545599
1261222
487174
5064939
8287031
3465006
3521495
429071
6599417
1184359
2061829
337713
575485
5555414
1117870
5324523
5535134
882707
5716614
3207966
5802231
180811
7414921
3636991
4626821
1332119
1134563
1947483
2201138
7682122
2150738
3259634
2589169
4983010
6843570
2860013
14636
811001
7267104
7700203
1693062
6396094
1638725
1000125
1071788
2284701
914719
707910
5599793
1332120
2914354
11038
134649
7259435
1498189
1924509
1087112
1174456
922191
3432575
1919794
8159383
5399679
3660336
8085938
6468612
5802890
5513133
5972073
4260174
5643936
3451014
1829103
1989544
1804280
2383606
5576577
392544
488442
180242
948770
1393616
5662011
564232
1172251
134234
2444163
936056
335293
12786
6195344
135179
2036201
1654791
237190
3468963
3071034
4744053
737329
794278
8285858
1907673
1405649
1000768
560882
2035926
329804
2279094
1060986
6319779
5110219
7281704
8314994
3666212
4875361
3355127
7699192
1199248
14791
6631071
449471
3641852
2369136
2275019
6475532
6463167
4777416
3654593
7290435
1314950
1168700
1852225
11429
3633566
1151662
5364342
1222266
7088843
2859726
822534
14472
5550878
486547
1321280
7723686
6736818
8414
12632
493718
1291037
826817
6014739
131435
7346867
3278807
6682270
6167029
1811160
488815
1005595
334269
3887
1348434
1537942
333887
14446
134307
135103
1110625
4580483
2042000
9009
335984
6892292
3744152
2015766
392067
1685370
8287651
6879107
4880206
7892996
7967378
8114326
1418032
7465591
6380907
4898419
6860694
334521
119964
3597516
6587151
5620248
567490
12266
7745775
1611559
1159971
464828
7802635
6066485
423567
3604331
135847
4615412
612410
7830494
6935893
6850511
2071453
5764333
6940700
1588846
2078364
585101
1847489
5380463
4507444
1723079
5657630
7745663
982692
995468
2490314
1010006
7843775
504413
7862758
5599824
949931
3332660
236248
391233
135677
7065
4238218
129270
9897
1173570
5419879
2211692
7306681
6582236
457440
468744
2020751
2265438
7669334
8010440
1409571
4550701
2032587
740215
5800817
917520
4583787
3966590
14897
1264216
337837
7686724
6474132
6815482
8137
391419
5943416
6841243
3160900
3640585
1133358
2218673
1087132
7067708
2563130
815429
442688
133527
1328691
6365817
133282
3228989
829715
11909
2401996
7883186
6876139
5116663
181493
7556446
181588
6463393
4805394
1970267
181024
8313991
4347929
1128904
458273
1313981
786761
132203
5666506
4048506
2371532
545705
3598466
5304049
3625009
9254
7547141
1564217
1816075
1793268
132272
6563945
2354642
5801890
7929
130533
4949211
390961
3994957
1180236
7098138
6283944
4161160
7482603
8031081
2352307
1191022
7050314
129054
140186
5700050
6087029
130954
2369898
392613
563868
131132
6037291
7966985
5599789
679033
1385548
5671374
127994
10865
354369
6155528
1848559
7817082
4547354
1030968
2842284
4636122
5535117
1329020
6463029
180685
801320
3557927
3471151
135057
7956641
4093016
4450584
1229167
575126
8942
804766
2809220
1703696
1102211
2948193
1929099
15045
130809
7793905
7477697
1461573
2185732
6465569
2296831
2144103
334514
3667373
1328893
427867
14343
7789526
8269926
9632
6154394
549750
1122723
1335930
2142680
346967
5923078
6820802
1173365
1402787
134977
663092
2928821
2421285
128347
5535067
3639442
11811
5162150
1370857
130908
339730
1438083
7497920
6845473
551910
2093140
5270674
128528
3526796
2926547
5386364
2354254
139294
2017609
4551210
2100963
4166728
4402382
1450168
8114628
2097440
5912657
1523788
134999
8285641
537954
1838931
7108620
1147195
562949
6850604
7242433
7368231
474284
2420719
1128807
461139
963859
335961
975272
12493
5451023
6696766
3678358
2044283
5603440
2289897
2388759
6861719
6203512
824196
1120907
7647383
443207
957421
6848454
332382
1709096
135586
3934091
3602447
131593
4080808
134070
7267237
474969
2097341
13837
6827084
139419
13415
333326
4595064
452294
1967663
1017222
3704397
403025
496249
1236943
975334
3640
403024
5293309
2084175
5803175
1598024
5647304
7698055
7555030
4765603
3645673
392485
7478031
1663766
6465192
1858177
1192910
1262068
621264
7250245
3719
331825
458654
1395656
7771121
1040447
7284162
820570
2329738
2106975
2187097
6935885
1653275
3779574
1085885
134370
1578524
1292249
4265606
1335593
6455924
2046178
6926694
2291500
129551
2200366
11495
6961
3642554
4481473
4775325
10391
132139
6798886
8933
1196189
341857
5714805
10264
3970481
1287018
1638940
1590201
13694
135434
958209
2005015
761220
869045
2922262
4626897
5656736
6843604
4061866
6400116
452072
129318
2101907
5798787
5375122
7028807
3327579
3517973
1638999
128106
1293383
7887000
1587763
3991688
5289068
5508033
955454
1706751
484774
7157489
4728504
5920378
2319381
5493388
332181
4686194
6878273
3539
2290947
4860295
1088428
4767830
480533
1140484
1691697
8286853
7068828
6736874
1844536
4601833
1308908
1585221
3596898
2046088
1215486
481281
1836492
1011247
5197979
120120
1114190
8078485
7553180
1632521
7256
1628483
623428
7549484
1990924
664134
5856464
1178211
338149
2858362
376683
7700642
3943296
1299093
7352893
548696
7862710
6718459
421757
3285649
3643613
12071
7088899
1185587
1182853
6580338
5002361
6383248
14028
1989610
120116
4244586
2212751
528349
7060794
6026139
13902
463835
3957863
5726839
14034
1335642
1076238
972040
994726
4650451
4091911
433179
7001332
7793297
464783
413011
3408136
2124384
5390715
2076528
414067
1776113
4260
765286
3487278
1988555
3207654
7701129
6473298
335969
3228590
2029171
904242
1299124
2497556
6307830
497316
2425558
1919146
7666023
2527488
400311
354362
393274
1784543
3650004
7700997
1171576
7786060
1140307
1476605
1128694
332141
1315051
5996657
412055
3482993
6359875
373427
392044
2297091
2386734
6895387
7061
5688237
1805117
3866921
1744999
551933
129955
180752
7647405
7057159
7410554
4548407
3798555
134511
140128
564909
2061896
822080
1540363
3447589
5688381
6171831
5314053
2529918
132669
590163
6894952
703676
5352419
544070
5619294
2262944
389535
5591421
2041230
3644783
335449
135775
488358
1446946
1393024
1088189
620556
6860784
550375
418814
7166675
3254924
639365
7664084
685962
6326246
6008458
549002
7723630
427103
1741213
390237
6624306
563587
550947
560660
443198
523334
7358982
119771
6561955
3643589
2207622
7905074
1331925
478707
7699344
1576571
567407
4684841
4404514
2909078
646631
967984
10783
987179
413865
6932968
614488
390201
1203321
839750
7646692
136097
1034112
3590693
1134428
2889798
6087774
1591832
1502080
3521327
355090
4546512
829671
474253
1593663
2158244
411222
786043
7704188
181557
5359142
987180
552029
1546162
7956407
5754013
6373916
1130483
392582
2811446
1418411
7723521
3346858
944528
4313735
747430
12542
950449
1347594
465702
772409
1245654
2341896
463579
5743147
3515180
931598
1967850
11739
180333
9951
139506
454194
1055107
3208895
7355699
700072
1921001
10776
4956916
3207806
1906893
827974
332246
892352
1494917
2269856
3207999
452908
3716046
683177
3995004
2145225
1335221
1023073
2819833
129842
1388115
941697
2281938
390556
394719
1196037
3273573
430957
5666906
8068464
1099373
1298751
5489838
2890860
5835110
987053
7411450
2163590
1153736
8706
819132
330984
336731
1293446
390699
1334571
5427737
7838
5252981
335769
6572627
1970286
811225
750135
6588776
11133
749443
879574
5158315
817707
4604752
4564022
131469
3584340
591764
1725762
4431298
564412
5804415
333874
482155
3679729
138955
3259930
372981
802296
1927600
411018
119936
1968848
2342829
3208981
3364157
3928167
5920424
3369
7355537
923430
2015952
3258057
1490433
5517931
476575
7698805
1507471
693504
7744792
893975
390311
331601
480441
1975614
1372891
533511
949652
3154595
1540387
7804300
3991790
4873795
391394
429496
139573
6461711
6203527
336132
550397
1066009
1492588
892404
5684552
453833
6697263
1987081
391238
7368224
1042582
2190028
970649
2219304
3682
1467791
7866832
4253321
395082
2143071
398171
431545
6590333
3934109
482066
2221651
4223552
466068
1638056
458471
1791348
711846
431015
2190028
3258551
356602
130461
461692
5264733
3718748
427396
3272858
3305692
7477593
6018920
8225
764424
6555328
3196345
2423489
1186947
2603956
377157
5280567
1180270
130672
2934267
923414
6467570
13236
6195218
928549
891444
4657795
816533
1992353
139020
443833
140141
2155871
390681
1087710
450567
3862625
3381951
4577928
498775
1927597
5563371
130145
811379
5320041
354176
13123
5645635
128892
403877
138827
4017777
676537
5648509
7328
2819837
6329667
5279417
533680
4451133
809951
3446562
337923
1441191
1081805
876250
2695334
809559
1963433
8305616
1336216
1644502
1807450
923035
1703913
6003532
1144006
7647160
1725759
7680487
964927
461482
727212
7528473
15101
621431
1595427
4658969
553671
6195230
3456408
2140631
5636439
496787
1072181
2863785
1479863
1818391
736959
3937980
1299377
1833243
2865925
5648108
339977
4009268
133017
1076244
5963313
3258732
1190909
6590074
799716
356606
684019
804694
6603325
2306267
6006782
5979057
2169678
7723672
912943
5662080
8287685
804789
2122294
330893
8179685
746436
527959
3639484
130289
650272
805194
3212426
4059108
532348
1497424
1107541
6960520
888721
3052655
7763273
338496
3273323
4001
809646
2035821
819638
132245
331887
7668676
800797
119902
398277
567843
775995
5685650
1197056
4688728
130877
1793965
892911
7967358
944994
1927647
690079
794423
13488
7752021
1390096
4484917
6729012
1586750
504434
3471305
809475
330272
3761824
7801871
2345809
892919
482489
1160748
7702067
6597250
4009642
4009246
237201
13265
3466747
569220
1130645
5151883
6600622
912071
813999
396132
417511
4965720
458777
6777517
5803657
4320188
1012964
1019596
841463
336173
2887972
13923
7683511
1000857
924274
841279
548943
1706601
6154976
772637
2066019
416312
465710
132518
7017
3666143
1089738
11767
1088781
749906
7373
3655500
398183
748278
3245353
5954
133061
5531188
809617
11558
13307
415553
1128996
181684
13258
10189
4035473
14630
3272850
2695261
429490
2141922
4028212
590914
429548
7815850
2269919
128711
131313
800866
503117
1402165
1191338
534758
4189359
1037491
1132087
1653982
3575985
396132
1190928
7093808
1225786
181679
6175
12818
1390085
10156
135603
2712322
955650
6090308
1906958
895596
1820438
237172
3466156
128357
1203333
987030
1189754
1202753
1147911
1224949
3523350
509819
5452545
2003470
2851128
885552
5684305
7071854
7591
453808
1453818
7686430
1083028
6864019
6697806
425460
438653
354755
129674
3684695
130803
4721041
4910887
339633
3271514
3386295
431222
488145
5804338
5380276
536006
2860035
6446940
1099852
1675570
1196108
1116791
2151819
3453799
3312518
8249855
5891095
885163
1252640
539500
911880
1928542
982496
559222
878630
397554
1760031
1450954
963585
1441130
394720
1284411
3225673
486614
539920
747374
443978
8243
5339924
972062
128280
7730406
3645774
3335467
1118978
1634385
2600728
457967
390940
4008887
2279055
553038
2910162
1295252
428916
814798
6904530
595202
2142701
6383620
3272283
13239
904219
809241
614495
948110
940996
7744669
334655
2272280
6832939
4658959
5648097
1170643
545325
3072493
1071959
1101367
3272719
14976
3305692
7108584
1007478
6697923
1015606
1213626
2343611
181146
538427
3666177
657675
5097134
390160
6386438
4552230
2269931
13810
1594643
1907670
3460530
792403
7698319
999920
1987160
10494
561424
3794697
541585
7817007
2837728
1446406
2044085
138956
1455882
3381639
5481193
888681
14624
10944
1684685
2121749
330886
722613
1216853
7813416
2397293
3272495
460885
423238
966412
433446
6372584
13745
1503365
800838
799709
7728429
976078
1010081
2096634
430348
134792
1180317
1855614
392191
1482942
918800
2834965
1514479
7276943
4009227
891863
809273
1067407
7895532
130348
2468720
3272858
4076928
1453681
4097147
8670
5185438
3250138
804611
1533672
6876694
6697266
925443
748239
4035273
1306496
3258943
1662627
584753
888997
1533636
1224809
3658122
4147
3260068
391250
488736
439060
1232192
3467343
2070642
550991
331110
1994952
390620
805616
3624489
470574
181543
1479953
4009101
524196
389846
429747
129411
1493778
6587843
136580
4299159
9329
5258091
492777
892584
2310762
6115282
1121292
3497697
7499410
4552235
429155
6474170
129402
1223879
510891
2564507
6206181
981400
822983
2807112
1344978
1173505
1313151
450510
7695406
7561509
6906067
7415150
1511412
3797223
5487967
415688
525748
341349
13045
972087
9993
1574891
4706503
958573
1152618
2292300
1432495
940840
452018
3225918
1083318
1015178
562928
5137141
5137141
136580
181088
2782221
12946
389658
5092943
4080571
1647840
135119
331548
8797
341349
2292313
2292303
2565741
4922632
5092976
2057736
7644387
7644387
1676001
1330157
6876382
982156
5449654
1733000
3651964
2887910
3236143
1850323
4381319
389578
446377
2427457
7093818
2404850
3153033
961745
1471899
1180212
4882153
6823925
2508059
5304034
8237673
415688
13642
2324104
128986
11915
583074
129403
1835583
6689400
15253
128466
129403
341349
1889683
3106249
129411
880004
804722
1275385
653919
3106247
1422889
1987119
895917
437608
452973
391951
8022
922528
679842
559395
1540405
679842
1330345
745143
3633103
575289
140096
426033
128690
129402
334696
128465
3481961
128466
606851
4713947
3551549
7106299
10793
1116519
452900
3472559
864930
4645927
132765
8274130
1520744
1692771
2316281
799127
5496428
7372995
371141
393413
4265984
11549
2404201
7839028
5688358
129272
1222693
1417501
781618
129545
1153617
1275360
131489
6460998
181223
4580969
1141277
845924
129547
1222693
843436
373926
6199688
470915
132764
606506
6556115
950987
844084
2393740
4996149
1112277
7664113
6376762
950321
4808694
1540376
5603475
958297
793616
6112706
844084
7686604
465153
2898922
6087747
5304021
686242
483079
485222
2097427
337718
1252687
3926758
1184018
6307812
1982689
134031
6096464
9874
7414000
6197985
10026
6563470
7698242
1947135
133347
1861439
7820630
129381
1781693
1032170
6067033
4092956
4868389
1541801
128925
1467206
3271082
781618
940005
3272159
5492082
6772107
1226043
3570806
403910
1704116
1101490
6391507
6618561
2124285
7849252
5529579
180334
2023804
3973921
6390169
2878740
3163038
1075866
3979819
1168680
1683156
403910
1804895
2226593
2010949
7028891
1253705
560651
10037
583794
5648013
5707272
5660359
1173431
449984
2411012
392656
6386540
392656
465153
733298
2329558
2322809
133007
134272
129545
5436095
1975772
584615
1907663
2933759
453232
7771116
1541801
792130
1807580
1015170
3706719
6307944
5436095
3624530
6248
1066822
1520748
135901
848050
1078227
7114
7114
128150
8484
6384078
463945
7271
12113
1901061
865792
134569
3272729
7700030
5317108
1845917
839339
1843017
1676001
464609
4884921
13235
3667380
1598949
7730
426195
130240
1592723
3469052
453253
2462028
763566
3436
134586
12200
1120012
1737652
1262350
1637995
5819580
882698
897060
372275
1693043
5318294
1980745
333058
344270
3217737
730222
1160650
6818974
1734656
2405396
763566
1662596
2187135
810252
2817347
15143
1734656
2532087
3198652
1495655
5620661
6525789
333058
130678
130679
537910
2226513
6620720
5406049
7236769
7104245
7104244
7355816
796429
3037738
1868944
430114
7267275
135585
4777526
6579188
7525960
5418859
806561
4025505
331301
1077990
134523
982241
1589803
4662384
5760399
1845807
1075081
8286884
3989756
4195756
5063651
1744252
8064905
2302474
788697
6008434
1030713
474310
1395279
1127418
4059576
1127418
1593543
5289098
6322053
5289189
7047095
2079284
1492662
10276
7364822
139410
6794685
181603
3526356
5545307
3083601
2069652
730222
5702640
8015985
3220370
1334633
337374
1264384
333058
446120
900631
8142413
15400
1590314
788696
1605506
844179
8142419
1683310
458518
1605506
331642
13233
4540331
3072613
475832
2401854
1638958
3260092
6396002
1638954
477602
6443861
4883352
1971797
132102
1108575
4311342
1605506
5670024
427128
2079286
13237
132621
5391576
7057160
432718
1127418
4995216
488665
1501869
749500
7730
135132
135132
7098007
6210357
15718
132946
3999998
2121028
10526
7409
1971900
6462375
6462375
1082575
3747577
2329803
5363496
653707
5363496
7919920
5545307
1974931
964711
2079299
2079289
1593543
647757
4582329
10363
135132
7730
3440186
8225541
3629587
6815524
5659749
2114373
1390518
181566
130986
6876194
7698275
11311
5449654
127439
1644532
979781
1972025
662366
5377543
1100002
3259395
1740296
4857016
6966703
5395714
5377543
1185005
5337360
5659749
414109
664187
4855409
1204276
7849205
6285854
6799493
825211
647732
7448876
939839
129140
7385
14855
2531930
2398931
2532080
453864
7711
897271
1166832
4486771
8237673
6579778
7909435
7093777
825211
2350656
748466
1339614
134597
3355136
4712438
1064763
3430583
7093770
1813332
4289934
5618896
7535
6383946
4381319
492213
3281618
433260
1166830
1166829
2691796
6561982
6869
5798326
3272315
2143102
7553272
354313
2093279
3945288
131994
1339101
7411981
427763
4681639
7811116
6454515
236752
127753
390372
1335698
6911620
879337
6206197
1786445
1623772
6630644
7181823
1308794
5146740
1047560
427394
1805649
332172
1472026
737268
6579284
6376167
1509853
1799053
2427523
459703
2804616
3809983
4434676
4090172
1178291
3293283
1215777
2940280
6549726
7839261
180917
2154643
817909
1728032
8247049
5434814
1863966
1791840
4093836
4604097
429903
2367804
3676337
6834223
6008019
1081036
411133
434063
3992594
6851545
333727
428874
491084
1414536
4672776
1080950
6466383
939823
753263
1402888
5349862
748570
4505111
411999
8111519
529733
7682924
1048659
909053
2427352
5278955
8104334
3745559
5957082
7045308
7825373
6131728
7122340
1727090
5915107
3279257
933185
6828849
1412178
1080212
822321
5237199
3718818
2185788
1713934
1787904
4069431
2775136
507640
4848703
6621943
890334
2424534
935517
1654302
3923394
4737303
133348
3526819
964916
7798062
6153735
1213454
4914331
7275289
1939022
5687260
673995
521616
2811738
472602
1016554
1257829
3678005
861593
7705841
1823511
3556869
914725
2893275
5439595
3095419
8192168
811413
6835113
8207449
6731122
1987189
1741147
811387
6669391
1589678
8268339
1594186
5655140
2039938
1834941
135440
3673235
549556
6480031
5054496
7666155
482533
535794
7766727
458214
2428590
443918
3970190
5327650
7701923
1433154
128594
7967969
7154582
6537897
3705794
2035815
7701266
1076319
1848481
1225954
2468033
3530514
4489671
925427
4465400
4739397
1073650
4448595
2131633
1181933
911258
2427521
1928263
2476323
710744
1691920
4252031
540217
3930109
6460716
1850609
7982265
693739
482532
2848982
2490318
1138191
1334563
7806011
2029416
7200232
3173895
2022214
2386031
3258618
506037
5210553
6534565
1395111
2350304
547820
3762017
3388340
2118721
3852808
2837757
6135555
2783726
1502787
2794209
819648
4607422
5019616
7663862
934223
1420850
5227612
1707328
7419779
5165244
5762340
671975
7778187
690275
7702214
2227450
801787
2878502
1201516
4200322
924238
1708001
127729
1604104
7797531
579280
8202035
2390004
5420232
5844705
2009729
2834487
1184600
5164537
6383348
8222347
3394653
1056578
1578109
4610523
659023
2340283
453932
6896082
7120161
5994691
129895
3386266
7699516
391386
8207620
2106935
1414537
2090544
3144458
1060617
651671
7701750
5996706
2445310
4022248
1182775
7121941
916688
806671
6888320
3361535
2016537
2109811
134214
870151
3216509
1190430
8309679
1372648
1080183
5002385
2491078
418754
1811056
2294480
3642197
2659677
2373422
5286726
4210864
1683242
6458499
748565
7797686
6895443
4612328
3355063
1598072
6447476
4142182
133510
2857282
3991740
481934
1115219
1089760
2035358
1080951
1189426
7695887
3852159
4215281
770942
2927796
139933
7696525
3284174
3354651
2491555
1931648
1076324
6026129
330309
1090277
1528611
131365
524572
3257986
8121977
2486312
7839568
479713
483944
334673
335979
7411543
7779817
4205697
1440869
2283582
1707962
814806
2859885
1164932
8101193
3993051
1372770
1447107
7695844
2706972
3392346
1509933
3657529
1144010
529621
749370
2860637
1295687
4904030
2837865
549425
181376
1675321
7858208
3258567
495629
4069924
6472307
7957249
7373130
2421819
7364787
1255299
1238650
1645562
495143
411837
1995349
2424528
1201468
2103225
181594
2186267
4450565
3943292
4096865
5434862
4833620
5291321
801207
7060839
3793254
3925681
1718745
974464
6381794
1315830
3196294
1148749
1959031
129741
6456039
2265494
1309669
8276483
7248263
4505059
6312838
7664165
2602426
470059
2467938
2112310
4048493
1942101
5120555
1088150
3177673
1240641
844628
991373
6006772
3606595
1968131
7448935
7860215
1143122
746460
1468641
6471198
2601496
1939487
6382069
4274124
6834374
965480
1387654
1551649
5844669
1589101
6392825
408730
1051035
4606949
1303162
453190
955029
6302984
4659832
1112480
2846602
451402
1810251
341342
2028829
2329867
1593407
4592718
2846330
6733817
5050117
431221
493962
6683583
4397486
1614376
5300434
1821897
411121
1130673
1124479
971353
7820708
1534474
845903
868761
3489170
426574
460558
2275104
3320720
4737337
4188690
1544944
1328151
5572883
497581
1252730
1998877
4611210
427342
4234041
8082406
1229265
1074491
3128248
332300
6615646
3572296
591914
2466429
1906901
132942
5961170
6684195
1182094
4963268
7089808
5411467
2860487
1389265
1101086
391924
7141564
3436871
569827
2523866
3660384
6568698
7693804
941090
651285
1074086
7575579
478646
128274
2808333
1153376
335481
539498
4474129
1239096
1234193
459050
2151449
1744419
696056
3544970
6449493
7690499
3881433
7089850
4737320
6367968
5209751
5461478
5675685
1019881
764471
1515860
781699
448035
1342182
4462831
809246
4835471
1081717
6820725
5656637
1425901
5959465
848165
1562682
5819653
337839
3526745
3090805
1907209
1675282
5961169
8277691
477416
801073
1132080
834781
2124373
4869281
3208046
4608008
1184595
7020655
3432429
6895421
3081543
8071518
1795394
2837817
5945551
380802
2213679
8110880
766376
1395738
1858232
6578662
473980
1167297
1123048
3255738
6980844
6382036
5001816
7357753
3876205
4447426
1073598
2809667
5369234
2836782
1775907
6042338
1715081
2948275
879279
4606950
806107
2163619
5689649
3515159
181252
6171555
6537020
5618893
1803340
2566322
1185021
3446605
6219634
1893140
6820843
1710259
898265
2929165
401631
8030795
7043749
1221036
583111
6371086
6876678
138709
3794857
2350861
4737328
2023126
130802
6294832
7266387
1929050
1336168
6076860
1292329
1602602
1565918
2868789
6848526
1615850
2468032
7696376
7797503
675739
6325285
5968380
5707331
2941295
1340004
2948590
469823
4068925
3053525
1106841
1098396
3399366
2396893
5411903
1970303
931684
3650333
4221816
181919
5419002
1544614
1214641
501243
502601
1542604
6131815
1188555
3761796
6372799
4281862
1092061
2504308
1060303
7710119
1090955
1132232
1434670
967992
1018689
4131958
1675285
5802942
7938991
851948
5349304
931649
907020
1534442
1170709
1939021
330171
3273735
591787
2695307
406158
2447174
1527631
4042802
8056242
8303075
7243097
550071
8049413
236254
1692413
1634011
2878489
1337962
6731229
963962
6285983
6467694
2390943
991147
838440
1598106
710255
1833487
1369590
1914500
4434668
2037132
3019671
1104301
7128999
5093658
1577127
4601904
2458105
1012875
5508638
6879644
2826461
1167989
2059324
460657
1330992
8249850
3259964
766690
7018048
1843509
2195879
135652
3393967
839540
537351
5579760
854623
3477290
3194474
2118671
429026
1945299
1041858
705544
825327
6010721
3072587
1088408
8051154
1354497
181080
1083278
984641
461458
398150
1152320
1217113
1203717
814749
748603
1533947
3237838
2838861
5350883
795452
2164847
333515
6670614
1713019
3309110
1646840
3841901
6683686
390282
457980
1403480
1180494
1081485
4584491
916383
922459
7155703
4605284
3746071
711228
8287656
3935433
924297
6880338
510934
1404924
135100
960024
8181221
4606932
6386051
4873844
868140
1170098
5210551
868138
7011283
2416120
2289844
2887573
135885
3557974
7700337
1072876
1309688
337861
4957611
5365427
2491096
1156492
4302691
410999
3627328
3560510
3081633
6458535
1942402
7723600
964070
5979733
7837849
6076212
4735608
1414526
7802586
4313688
6131856
488804
809490
7753506
1756556
7695326
865606
1021034
1514125
3353229
1732647
1199098
390936
1863970
896774
7553021
4707711
539445
2026211
3513807
1247053
2105187
2887587
2286716
809513
4262146
3273597
5511952
442986
2407293
7770068
2382258
1352884
1011308
6136052
570439
331033
3437317
1316691
2307767
1393311
5166358
1675485
1252731
8100113
1302664
1565199
569993
7702233
3072465
2798106
7971039
3517952
1421954
1989470
180777
6776113
398669
3658626
2694484
3388301
1132089
130345
7332393
1102589
8293611
1459570
1527644
2532071
4221008
2021833
6766862
2987173
5844490
1988567
5685693
3050469
376675
1689544
7710113
1663998
1022762
2173258
2135645
847323
3107519
411882
136185
7107602
6549392
928409
3210409
332494
3314306
2846183
7700342
988174
5416256
7771654
480472
6203990
1947138
6202021
1593501
6087741
3399329
2390005
2846804
1533627
722873
449408
6592387
1776278
1213175
3691479
428821
388020
4919319
772583
7032979
7700273
500775
3160633
2124351
1172079
130987
1671303
6542872
5763034
905350
6639848
832048
1225537
882754
427446
832775
1217181
3642198
7696310
7435228
2659680
1348244
3225096
1056646
4737735
3106979
1233854
668490
1112279
132006
398159
3622130
1237896
1568459
4670379
2902939
3614322
1389457
4612333
6688386
1848334
447993
5305027
972454
509484
2055397
7696660
1634016
132256
3258059
1311850
393560
411010
1452014
1033629
1327398
1190911
6834029
7272430
3303545
2862909
2458220
7038734
6992669
130165
481742
6948958
355078
918924
3216770
435580
5415553
879075
1733167
390496
2160603
864432
8008962
5685744
3707252
447158
3991692
4064183
3178899
1676028
7843505
619321
2404390
662970
3119157
4469224
5768357
6846483
2035404
2074617
1036996
789674
138978
1141391
6548192
1675525
1409578
5438563
7772238
7416352
6153736
805543
7580199
7772085
3273249
6201950
4585073
3121615
7841582
5281917
7700684
6058971
4843307
4483725
1273314
4669830
1662415
5461531
5798731
1076354
4881225
815060
3386285
408102
1215196
4874397
6073039
1850125
6861645
6402893
2999292
377623
1245681
130781
1066769
5538687
5441321
916747
5854302
7699561
1445799
1592716
4510859
1001583
1112189
2793313
865443
979703
3646129
6743476
5724352
6771573
7802683
5803120
7858055
1331642
805511
6392065
6914995
7802614
2429073
7151559
3249893
1336234
1359087
7882590
427760
1849904
3718853
2417379
1901325
1016160
4737197
5123327
2853326
8009247
3093167
795887
3852496
1988405
564180
1131819
6633101
6768455
4767834
2292219
547068
5362000
2026812
6626438
3109862
545676
7738119
3560365
960019
1354472
4472047
132041
704904
5347923
7982971
6551362
3400479
2130337
1172087
545720
1975582
672854
1638818
991371
1178812
570258
4474094
945519
997312
1241674
801537
3956874
3273543
1852783
814771
3609678
5995122
1793956
1674813
6131726
5750437
7836162
5242160
5506468
809600
2731354
7702843
907525
799529
5857729
7687394
474859
6392606
814027
2150167
6383279
8298609
1493813
749920
2103239
1756554
1466465
1319942
1035302
5804426
809912
7014308
1801158
5761419
2382254
5279592
4786281
1358299
390498
1732622
1417515
5297897
1905593
418869
1296625
5908991
6134168
334836
1984723
1060302
1977917
799647
5291976
1549610
802248
1710850
5314064
689176
822249
1174450
3332030
3237441
6577031
7230562
7696031
1449588
2048973
1324374
2787175
1465678
4451062
4860568
1404833
1418817
7966011
754360
3991782
3259104
4963724
2312716
4064461
3534842
1933863
4281508
7060866
6893594
2401895
3422600
424451
4642496
751830
5790296
6892517
861190
390588
2435601
1828191
5702635
4134758
4084900
616779
889016
1729074
5777657
7524849
4670078
1646593
482514
139338
7611511
5661707
1683388
2294541
6203498
840625
5196828
2316162
4099473
7938648
1406758
1741148
1035570
925438
2808295
1450911
5668047
6683688
1645571
4438010
5979754
5643047
3852121
1159317
1291793
1336802
3226666
6001052
3284195
8111595
2285541
2853233
2940867
2874668
427352
6714974
3398744
6458492
2103313
4467830
6902849
8113110
7698194
820742
8223664
429260
128439
1593602
891468
6458427
7917200
2192953
950486
8029053
803950
7696169
4596607
1582262
3713338
572339
5255535
761518
1295420
1318286
2785258
5067544
6638944
488339
2135434
1385906
2870111
1099126
4610528
339734
7094156
2379848
1445603
8252864
6127351
2121003
755899
1058581
6461833
5464437
398476
1464306
1849883
1902560
1945298
969450
8098810
7092679
7092876
1507973
6384864
1962821
6322039
2223144
2903747
335816
1467307
7477706
2851110
2109982
2019691
449215
464097
1170556
6186169
474009
1257197
7699498
1931646
7276057
6460354
962801
2613368
4606872
7157985
3202847
1468797
3089087
441607
839943
4587180
5691462
3255726
7744695
7769589
6684601
4104498
2992352
129464
753483
4302489
1255661
1164852
6699431
893342
970675
748316
3072463
6202254
6572565
1036439
827984
3107544
3213508
4957669
920932
6911481
1664231
5120551
4542925
6007992
1974666
463804
2154399
827154
8115225
3255679
2962753
4767846
1512049
376111
817709
799768
6934244
816506
810239
1973020
4550545
889539
628439
881847
1614990
3114570
1533050
944744
332351
787586
6874584
1414530
1512000
7992524
1944750
1064769
1972138
722639
4872317
882861
5304897
1466552
128695
1813325
5555067
2426720
1586599
3575255
7956601
373461
3218211
1730194
1234252
3212430
887840
1675763
180681
3485768
987932
4200328
845662
463627
790015
1591855
7889004
1091103
2878647
139343
621359
5635279
1267464
4604048
1977315
132900
1186989
7965880
1942384
1172080
4009604
5117163
753431
6318243
2322078
7700027
1542606
1152687
5539214
746546
977480
547928
8039751
825105
2158352
2949379
1791344
3480912
809227
2310604
4464192
6548185
2655888
2442520
7142171
450993
3139026
6372815
1723243
2934091
1414560
3218997
3545874
1449122
6574760
3300173
4607017
3388251
1193447
3194491
6867178
8090285
965153
4551918
2142185
1585220
181049
5054834
2142642
3433350
3196014
1360859
763261
1752270
1738431
1424355
425481
970858
1482340
1172943
763385
4734531
1612801
2043685
7801863
470056
6612080
1929013
1332343
1068882
1596577
2817318
6820583
3240114
1441085
4008628
972142
1044133
1973734
3148697
769309
1075027
3642194
3860662
1046118
3388281
2878507
806070
2058357
350231
967700
6842643
4474128
5721854
5458122
1334647
1480177
2032404
890529
5349303
1083805
128649
4185401
973745
4612335
924351
558575
3355153
5317464
7093315
5939100
7310419
5683211
1311846
406101
5072760
2878955
2580608
7355776
1195472
2285691
6090174
429713
7801754
3809973
2000792
928797
2800491
1046947
6551645
5648496
547030
3228550
2265463
673997
1842770
524598
2180898
1033623
1300890
7702314
8235527
7060857
808102
428936
833937
483270
5326425
587954
1146893
4471803
887655
4730001
2035397
6205165
8010930
390189
1413221
429495
6207289
7496611
4997064
463919
5799530
1526094
6549778
7757338
3865834
534341
2213683
2269774
1561251
2404035
6203966
2180468
2860357
1155973
753238
2930967
3613521
454824
829794
1088112
2706047
5166370
1590010
5164553
418746
4835673
7695480
1270590
1130458
5704508
1010013
2940858
3810045
139638
4047782
4409391
1139304
428466
6936870
6000956
4718671
1817509
685707
1554078
5750447
330372
930718
1928304
931710
3288933
1662412
392109
1571610
5802885
1130484
6934249
139630
1144428
3991645
3273076
7794467
6954767
8302088
4949206
3768723
1349816
1576157
7777960
3998261
3925798
3257531
3559125
2999489
7959935
3435731
4601018
1476662
588172
3513871
471779
5586470
5894740
1138268
1389255
427070
4166924
594193
2093616
6759327
1001504
1188482
5249116
1424426
591912
2010927
955642
5688393
1244253
407127
1047190
925942
1329035
2661296
2040731
6941598
7938911
914572
3758058
5790288
432579
135604
4883551
4505063
7699746
2413170
669676
5844598
1241852
5252750
442758
1140640
7664222
6867357
7730423
5899834
4524076
7477481
3430350
5100741
2163616
2271487
5661717
1599057
844299
1527633
1223592
2078080
910335
1919713
1105309
366855
819540
959780
6073078
1001329
4447435
3348404
5136757
1927579
1301068
2031071
1290225
2340838
1062931
1105772
6630087
4625940
1673026
1902587
2964629
5724186
1460964
5192034
1242574
5648117
3325734
3795142
584560
5819651
7095871
5655018
569356
1501148
5289318
2018654
337960
7787714
4601911
4883025
1099622
849184
3454600
2154642
6072865
7698175
1158118
7206447
6219220
746300
8252865
2126844
7105741
2851657
6617581
1317987
7960317
801680
970658
1928309
960285
4236864
7031056
2015428
3690931
5143739
908958
802104
549041
4608005
131519
3991768
1968098
473287
7306345
2136549
1215059
128436
1691708
2402002
5762384
4470199
2949377
390392
3275755
7311349
1852778
7465726
3571017
4073833
6725395
2106518
1600681
1399349
6841250
940968
1568754
799168
1223841
2828197
1441115
5381244
1393040
2053746
7128506
1073364
6400127
3211883
4879055
1100042
3325918
2227283
2489800
991146
374153
6153778
2285244
722764
5396392
7044198
2383429
2040917
350266
1566597
1153590
1890409
809615
8296828
987867
5633691
919157
5224296
6375956
1395044
7411551
1292219
813621
3260290
2812808
4867231
2093593
1441107
1091886
133146
2837910
7427698
6484358
3991705
400589
1121572
1593222
971313
1402905
6117594
5054504
3475657
7813943
1018585
331035
7696302
5315440
3628907
7787798
495582
400517
1102075
6834193
2390745
3422742
2878593
829438
5537291
1967931
376698
5613318
2697908
1045995
133293
5418946
3181038
1957935
3332028
2350859
3880279
8008951
5391037
482535
3448624
554607
442382
335907
6329671
7198793
3401052
824563
1838548
4860570
4883332
3202836
3038232
5458157
5289391
3380060
135683
6383127
819629
2045974
825253
3307602
4403967
1440871
1023411
4607430
1544548
4017786
128214
2026565
1016277
424448
800464
132910
870846
949284
602765
4694192
130138
1950529
1334533
4877815
8080155
4508691
4084898
5072644
1000804
4637695
3745274
967910
2846192
1643795
901809
1950532
3221496
869993
7803365
671946
136367
5760133
6982197
3212259
935076
4958995
5136719
8090718
1403972
678785
3407482
1350982
5419004
7695290
2037092
890567
1907752
6710611
6742000
5909025
136207
814799
463809
486631
7028517
1924397
8100509
4757685
580414
1230343
1153370
7007268
3485369
2428993
481622
6710448
1010877
5390951
1099953
1255428
3433551
5281092
5618307
5619338
133455
1499650
1976429
569836
488733
967936
4131960
969986
551629
6630657
2024217
1590027
7704133
1788847
4304614
1977223
4737372
7698278
3793270
1114992
487962
1106842
840880
2695306
2427492
3589076
2069842
2948253
426144
331989
7778001
801066
6109832
1510879
7697723
4592694
8049410
844666
1945532
4777452
4585109
5434762
3436067
7701679
2418769
3430749
3435176
3225074
1582178
6068735
7817002
2024591
6615864
3925854
7871776
1914498
4058530
2414699
7696094
2039108
8089545
892313
4451104
1018565
949286
3178989
1073503
4604086
722655
3233383
647444
6454494
132667
1638499
5002460
3427771
955073
6850547
2431827
1335924
6376107
5654315
5349465
3612849
6474153
1100066
1367525
2071156
138687
1664031
1975608
3407704
3414243
1267427
503231
6671322
1540407
2019574
3486007
6909655
7589556
6137608
1076798
1229943
181680
829777
1117606
539475
3628286
3790505
3514593
2944592
1692386
500941
5197484
907543
5648010
5196834
2136891
1576155
1580852
5109870
2137953
6907259
3326552
3773866
8054123
1280954
682920
3048312
431184
1148029
3422651
1178303
6861899
2984120
1981759
7698235
6061807
135861
3269176
2216943
4736638
7701649
7431992
2878644
847401
1529245
1143682
2313905
4457567
3451927
3408119
5142065
588123
1084742
1285023
5713449
523576
8003416
2940792
7763173
4535771
412870
2446081
1928301
1041404
1944142
572794
2153797
982680
2878646
2851968
2392474
1220652
2426798
3163195
8183144
3613523
4550059
2837476
7123502
650235
2092893
8213015
2992015
7499491
1241849
815055
3255711
2404235
1273220
3259161
1099577
6614066
2004720
2798185
539435
4946552
138850
129417
671910
615050
7264611
2531844
799817
6467236
2837872
5766808
559440
5369594
6676843
488654
2223079
7124904
130429
6934019
1244254
4610531
332069
609715
1357981
339682
354534
7200221
2110404
3448005
8305632
1691707
7342504
1128918
685912
3571019
2046032
6204182
1251726
3260201
478049
972698
2019692
6317287
1570157
3259538
4578774
707071
8090779
427809
1346410
6378536
1100148
2864763
460800
4550791
415960
127635
468801
5648054
2732998
3454094
1521135
5458261
914178
3257181
1422002
2842977
2390944
1839852
6852458
1210838
1863968
1316381
936400
545314
4612331
908963
1042506
2389993
6401123
5939102
1311843
6798464
1174472
2878957
2580611
570096
2941913
514691
1202066
4874784
2928698
487442
1224745
955705
3514387
4235476
1087607
1916507
2846186
5648089
7695319
4583762
4851970
1640629
489423
4460743
5406011
130407
2035390
5661773
1914226
923326
2422789
4585079
136152
3690659
2433736
1187795
451085
969237
962847
6381962
1976729
6558591
1436222
330233
487837
5133403
3359611
332044
2035463
130457
1703613
1099203
1301391
7967038
8206085
4057078
6894165
909759
5820829
2575483
2316392
480537
3649907
1806747
1988745
1538491
1015930
844993
589083
134334
1182905
1194420
2127852
6388075
1135868
809477
5249118
7838988
6443901
994655
2016003
4693341
1084009
1248784
7793288
5352238
4607020
1692825
5279548
3642852
6850033
6075762
7205003
1573153
5390083
1359384
958049
5600010
2961751
5352290
6166808
7787799
1825087
1951344
6191534
969985
1834936
1837621
4637948
781418
4235418
3208414
3587663
3039307
393252
1692571
5667745
7910401
749859
7198786
925312
6072863
4920252
3212504
1835432
2709315
7756508
3603749
2371300
3452277
3269192
1716933
3453802
6537748
3491274
2491301
1960375
3553168
3565904
1638810
1089167
429728
1123900
5943413
5684036
750108
1393035
479889
6822254
5197157
4452713
7563279
2383431
6601155
1418306
2837900
1604423
991377
722920
2081910
5979813
2014131
4867220
5866208
4524073
1271008
1364777
8040149
1685810
3334936
1437018
3852850
1010883
487858
6458566
800454
5291992
1542610
572734
390682
2592250
4607004
1198877
7698262
5164819
533575
2990731
430580
819636
5667011
3792594
1540383
458183
134391
6373716
1071704
831627
139937
8126458
918976
1765956
955927
3258809
786454
5820650
4200332
591908
1833546
337420
6285807
5762388
7831857
4611222
2312719
7698541
1440873
3625503
4582242
1323808
1682482
424447
1462194
1511983
3386279
6087739
1042035
135774
5292354
1367528
5349243
819632
2027104
2963389
1692671
2397652
690641
6971578
6396076
4062584
517706
3117554
3178982
845387
6876212
5963183
334766
6632525
406116
2014133
3255749
4606940
921332
1036104
939175
1561116
1074484
2914565
1199097
1542723
2264961
759763
3407484
1226793
7860302
3746091
7369917
4583756
6378460
7787828
4065294
873132
1519123
1471994
457738
928425
1967128
728194
452019
8078149
4465179
435419
3435037
439490
1140423
557868
5660350
1519936
1256253
1421955
3422602
390152
800966
838133
6703541
1707257
3514386
918745
6329753
6472303
7410913
4276075
1947405
2193671
6878360
1756474
136102
7751987
7725055
5762330
1020046
978175
872523
7459013
5633703
1450750
2118728
1291141
7199253
332492
1664006
831307
2523792
1189623
999911
4585338
8135659
4585197
1181434
3255748
1420519
832392
7135928
1689464
1072210
1492971
6204048
336909
5959464
4060662
1317627
336905
2837841
3388328
6826591
2819525
2285411
5702636
6697254
5647790
3258909
2040689
7411611
801661
4397440
7071097
6376073
7960161
1215268
2417380
1917004
6597583
373057
3665265
8122908
961821
1649714
993316
7435229
5589193
3305934
5592704
4737742
1943402
1195282
1231548
1699563
1929106
907098
2367848
1359018
868747
991681
5968387
1427202
6707976
2531927
671947
3989602
2918649
129353
1980414
2024598
2023828
920401
2913699
2315753
1452018
825751
536092
1415569
4767617
1522168
858555
7783677
433603
891621
432664
883980
835886
3019670
354393
3147455
1595450
5216377
6966142
3649133
5939145
898254
964180
1217121
2019266
1612385
531301
845649
1554051
1594804
5919753
526215
1594799
6930105
7693803
2941866
957698
2266781
7698260
789672
1058969
7769914
3229725
1732554
865442
128724
469988
439248
3386212
5437371
435514
5437473
330902
7477667
500795
135304
2153815
600535
845729
1241825
984629
6105680
549349
6540151
7011622
7664140
1834606
1634340
5857726
6093791
874988
6949097
6617497
835991
1925186
2201105
6472311
5067368
6891916
7048113
7676951
1732738
1406940
3382040
2021625
1947404
4550352
1482894
4035291
911136
1800075
3305703
1916562
5066670
6795127
3604315
3089259
134783
1686060
1176425
907468
7104469
6827336
1628430
3745189
967122
451814
2091522
5618901
6381352
6452631
1673028
1951035
4313287
898160
4080516
1272175
748779
6468591
4916661
2444552
2221639
4611205
4598370
7956611
1078605
6580712
5185942
4891650
1077248
5489958
6545533
6982196
6843937
1771915
7302594
3934096
4457569
5655602
6388689
2793757
2075104
6558664
1103879
7694633
4681756
1634217
4604574
1468149
6322038
6028897
6112524
795275
962302
2731355
7810803
1434817
5279410
6211558
814926
1991048
7801798
1588395
3514596
2383379
7916536
336737
873522
6201978
1988574
2176918
2567641
6090112
1688161
1509926
2026250
1033163
2755197
120092
3544909
5574565
7193488
6841187
2164912
1155976
1112269
5324516
1403286
3758620
2329917
1216519
710779
5803155
774069
7284235
556531
562689
4258373
5538666
8227250
2043430
4790145
1982363
1700812
1332513
6805643
3159130
7010122
7448421
3534845
8223681
582696
2782219
1818459
2401894
8139710
3655971
4099346
3165814
7580989
7091475
947901
1368933
832749
1785872
1274656
5824838
6161929
1073574
1229517
927091
6001021
1490857
1852044
1540804
3224986
6486459
2458942
6288962
4808839
2608783
2878510
3245289
2464921
450616
3432822
4607450
876716
3272625
1459584
7698538
8308934
4450596
2316158
2934463
5307222
504067
1683207
2859374
4679049
7020343
3810048
1902557
1540179
7971027
2427353
8202125
486877
538384
1554077
1186071
7425320
4196904
1156630
8195084
2187106
2224888
795217
7830496
7701836
2297127
549501
1398751
1681485
3545886
7353029
7590327
353481
2704529
3503901
4082923
4952563
1290504
2853232
133074
809590
4070097
3925786
8089546
6629336
799173
1312349
393228
460801
1529247
5894738
1389257
1850318
8009261
1152659
1168013
3379905
457803
5311636
7843355
397131
4592714
6848251
5106968
399876
6876185
6308411
1450866
3666933
1181475
1592282
3162754
138948
2846234
6167654
5085066
1715223
5155753
3851946
2416736
6470193
6710607
1132296
1675324
5868708
7581878
932556
7198769
1105308
6671300
4862983
4239963
6885561
1927606
7546092
1804893
1274978
5487133
8263008
7275193
6172411
2485700
1318276
1585388
1054201
2004715
4606920
2281287
5367331
7774895
865660
962532
817900
1191183
1194633
3300169
2396583
1406916
3422506
7272376
4872433
367794
1628448
6585451
4563153
2691152
1594140
6822130
1182244
3850911
3309112
4608003
750117
1801056
3532284
3640609
2534643
5649507
7869264
7790928
1152345
1965022
429867
1650360
7699970
2491091
5092920
1967336
181733
4404163
1266782
591842
7267149
5381243
1729966
1144453
139231
1144009
815071
4535772
829783
4604079
1097862
440079
1336761
6173586
667338
2003476
1890414
8236768
6166593
2386969
2568657
3258423
3642157
1975572
7722758
2093594
966436
4474126
371135
2430153
994728
2792526
7700564
3902090
1421999
1833074
3347649
4472048
376145
3746070
7701805
3446520
3272584
3642729
7368170
3467540
7785926
1623525
4143803
662941
647095
355152
1845979
333831
2213852
458954
6582827
4585144
8153876
3645865
6283036
2488673
3486475
5750241
955661
5021952
7071101
424587
4428070
1225270
5324536
3435540
2234934
3643586
3640048
1311847
7695431
982483
1099613
3593652
5002554
5419838
4655237
5931600
3071850
6443871
7060307
650588
1466010
1081896
1322326
6935736
1260476
879354
2942794
8214532
6966784
1158438
128220
1836475
1172450
3221499
890217
2934034
863479
5452454
841261
3258698
1401737
390465
7562850
3255585
910927
1676013
5078286
3006635
3309107
483239
984646
7701758
7843506
1103743
7355951
1674616
8010566
1077817
486123
330836
1538400
6813479
1927862
1972676
5136723
2216924
2096735
1184688
909007
3311338
6821352
333555
6879506
2037090
6487015
1215570
5847788
1966222
3027342
1042470
1399269
6958661
7774657
4736451
763280
5164546
3561969
3159245
8285677
7696043
7200233
4277005
1317786
7956879
1949232
6391199
1612732
772052
2399029
1540392
2938548
1121508
347598
6470454
2035460
1712983
1225358
942242
134647
7699663
961395
429282
5963970
5705427
1629030
1266961
2427326
1172310
2092726
135574
4573589
7410522
2589975
4655494
1949798
427097
1103610
7355617
6318914
5078281
1248840
3650597
7361950
983917
1788846
2344256
3666123
1221381
6947500
1316302
7466389
6768178
2043195
6850493
5389514
1124927
1848478
7841619
3658832
864609
816825
1492689
1176743
136278
2114033
1070527
5488835
7785925
520065
1230066
1681510
1455767
3956907
3662050
2005250
1962914
1830939
2837542
988599
4890967
1911461
6741547
7296490
5390084
801786
8078784
7693025
1159838
135859
1864134
5663414
7695839
466429
5434760
1182828
7300065
569023
5375116
7928276
7166353
6878001
2035435
2944622
883140
2223086
4196744
4089769
864027
4841315
1404832
889564
7419794
6060133
920929
8165925
459851
826906
5939175
4995324
7477874
2893756
5814310
1217410
1116424
6618532
5125129
2475828
1490052
618111
1336225
1048989
1529367
1929036
1191017
1978000
6534520
6460670
464027
3257972
6861643
1529228
6678898
5629552
3453804
2076112
1900243
5019753
2260777
1494920
2431845
1335926
3230428
5713242
652502
461370
3612853
2305463
1594173
5589174
931659
3654323
919007
3422700
2071182
411109
5943412
545332
6736868
139425
5968390
8287769
5268338
1393046
1944657
332458
7695226
2232104
5396505
2305678
5063126
4815312
576019
8079560
7702002
429039
7804095
1312198
993811
5939176
6070454
2144351
528898
5314065
3501274
8118405
398770
2531821
1242489
2178799
6396821
1675429
1076234
2475821
5974595
414163
2837570
3255665
6982201
3465028
898190
5354015
1383027
3790507
801237
483891
7793405
1223566
5185845
1452288
3159255
431192
5304453
7802627
3260407
8096109
391074
1704794
896704
451821
1966589
1033155
3925948
1980087
3340551
2003817
130569
3249824
2159390
335941
5931309
4533008
7793888
4983543
6309511
2312709
1087170
2410531
1290288
925371
3521114
128678
2143086
572083
1585225
3673491
4854053
464704
891623
3673233
838707
2201108
829085
544454
2321217
7885297
410424
870484
5434798
3852140
1843145
6966806
1112076
6726833
4641374
2019436
686350
5255252
4797789
946682
8292316
4607595
5706362
2774669
4891645
5290019
3247022
348695
7785558
888939
4233238
1634216
864358
2851528
3545368
590068
5589170
4827487
2948604
748614
7916524
7700307
376099
1582396
845711
2886009
552302
2026249
389545
371131
7204873
7982288
6852461
958014
892405
1799876
2942834
181515
3793700
478800
6071222
341309
1480595
2447200
5644113
5279432
458716
2329548
3465371
5616211
2180447
5844716
1690329
8010408
1629973
1857077
583118
1692919
3449836
1132377
7701804
3642182
1100150
6372814
975229
2289433
1080117
4598708
3987723
1671665
1532770
1510276
1464156
135670
1186245
1056619
1902535
2389995
181843
3628537
7873271
1411808
1049918
5616196
1238391
486882
2219522
1928529
5419837
5301072
1852898
6823641
4009329
8274125
2782790
134759
6392612
2220741
3273445
1464789
355147
450501
827445
2888832
7435450
1069012
1674615
1172480
2182329
2035385
805581
1445612
7373125
6572722
1395339
7243133
1988760
673054
1906827
1008585
3198634
1842422
468981
6479832
5488105
1983138
2426823
1786651
1536050
3300174
2837541
987936
6290098
678777
7125633
1112190
665795
7702246
7498953
6839531
783807
140098
1806516
2911041
1605650
1058603
7725012
1342148
2966946
3557618
1527647
4607048
1112078
1166816
558449
4765055
2037099
3658830
2965293
8261046
7422997
1475302
838131
5634844
1489250
2225732
4166735
817653
1185627
1671163
1689659
4488602
423576
5390081
6821441
1763216
888790
2142747
950498
4139909
6719480
4005841
8224014
3925671
2837571
2223089
4196747
1985181
872793
7817016
1947934
2411566
1152658
5437448
127533
1336278
2296740
5175629
1420804
2019433
429123
1466578
6960022
5943515
7225598
3221654
839751
974417
6846704
6861603
2194294
1675355
4471799
1242465
473988
1186430
5682350
2352431
7591123
8287315
3128683
6847753
8304730
1072195
5352292
4607586
2426070
4095997
8079562
2397696
7696499
3053905
4200338
1501976
5755154
332515
181448
5311512
3991691
6086510
3346834
3251497
1942391
2322298
1556207
7793902
390634
3534848
7769937
2839489
3422526
180264
5819628
7928326
3922625
590113
3196085
1603583
7074646
135487
483318
3123661
2781058
542825
3992607
3142447
958391
440990
5276903
5551879
463896
1329123
2160612
2109265
7121964
8090721
134777
691374
892326
5294358
392036
2164911
3668303
7763732
1637873
7151976
3278218
4249310
3272862
6203856
1020995
2878501
373901
1980084
5268341
1073569
542839
3260070
1205287
688335
5411285
1135611
135131
1220635
1128634
1843173
906178
2312707
3260062
1440867
138911
1638037
841658
2284273
1065996
4551389
5368370
2397654
3117529
3646592
140146
4467822
2427351
931074
4882981
1295495
4545135
1582043
6614871
1447090
2126897
5434793
845703
7779818
7700000
962784
671904
5996751
7763485
4693344
4604095
1701783
1578625
1301354
1274657
481119
578036
539806
1491284
579744
6475506
1675296
7702085
3669659
685571
7724960
924253
7699785
2934175
1160531
411215
1178009
3485393
5255266
6778737
2375500
2134331
429891
2229943
1700844
7122301
1371051
6949302
872737
1653267
2382753
5724933
964015
133763
1852827
2176228
7100241
533271
6851468
6385357
1281986
452960
979986
1372913
3308411
4082920
1928231
665735
5572328
530843
2156446
4070011
6287654
1557111
480858
128835
7121935
1973493
5742978
2934203
2837836
2561781
1055025
1258917
7203841
722617
333754
1966903
2310319
5844681
1949035
1112406
2417398
1409563
332534
579941
1015172
8099663
1229269
181296
7448504
441535
7753498
1947878
1927607
3640581
418445
2338550
3472759
7704221
4602313
3471825
6580724
3265343
134064
2078077
876782
5043292
7410926
7360189
1543781
3309109
7698070
610252
6072606
483522
465692
444102
3245253
6204237
6698546
3320727
2412777
7766611
6556156
1350997
1882143
950415
799650
5762644
944101
2081343
896946
2596987
8028774
7698227
7093046
722614
572768
1788849
552484
2928885
4804535
1832398
7166358
6860662
3537977
2416921
2531828
882188
2035610
2109935
1085386
3779576
776383
2837906
4563973
1542720
389748
530841
1224797
1966304
486716
8273490
333809
779578
333293
2159356
4458095
6637362
373557
6000257
5419880
3196013
1225608
1359281
3613776
3559131
4056842
3601236
3643585
2373400
3451663
7526316
6088523
135285
5951307
7589564
7090997
8118404
6393853
5029324
1124413
2860648
3220758
7129525
6718403
4862951
1862204
399809
6324773
4435471
4472025
5464557
2126111
7261668
958396
5996628
472605
130757
1366431
3451450
8010567
2412731
6695960
1942400
6933816
5681249
627815
7562851
5924919
999503
2852892
3141695
3994572
955680
7818142
1628694
5659998
4062579
1078702
7858207
8114977
1928363
2990717
1081787
5182557
883752
5726861
5535061
5963186
613229
5406007
6861308
6740956
6693569
2450526
1394142
3992587
657298
2144617
2037089
4606888
1491683
5996730
678440
1165963
3308962
8114965
992137
1232158
1244872
3095572
128709
979882
2887614
4386353
2412862
1469651
335943
632208
2426045
480035
1930729
2914514
6806207
367417
800476
138949
688956
8100500
6372575
1334405
389580
892702
428846
1823513
607961
1306368
547874
390707
7562409
4572014
4142437
7448963
3314304
6386279
7793532
2902953
6795136
7369910
2286778
3166967
418452
872550
4299391
820039
7787826
1299596
2040981
4374848
5726836
3169448
999404
4131912
6768888
5912677
1190542
3474773
7797162
794296
2887611
3879691
4650233
466466
3386235
972188
4759936
5405875
2721850
3718819
6154076
877013
2407312
8165619
2853409
6204095
1579905
6892660
2159401
7166589
4650235
5589167
1681508
821410
4534823
916016
7427272
5698052
1023186
610220
965763
4299694
5616232
1111924
802309
1072090
661116
1108862
1694802
5803025
1540176
6107851
1071987
5844625
1482834
5682883
236255
1281429
3900059
8106172
330999
126674
3961537
1071868
1088852
5595318
5375115
1638487
5307281
7057195
2418765
136069
4261509
6878002
7128981
6548492
3524559
3216645
1845854
7610095
460247
1332125
4453628
3559140
2592244
5539239
478771
509633
2339977
3640593
7459012
933265
1085850
2026829
1229993
5798262
1085599
2393760
5685962
1133749
497398
5301108
7236780
2851672
1509289
1590259
1529366
4924974
6095985
567804
5458279
1664002
460220
3144446
6969990
2312528
4920280
7072295
1009644
811215
803962
1351962
2076086
1977370
7704187
4466567
8304148
958519
6640246
3759025
2431826
4585072
485657
336209
5524351
2269915
6834660
1232462
464694
841277
3996805
6290202
1863988
3640047
750288
2889866
1546213
3279254
3075522
6820218
4607592
1217243
2041990
2825406
4643903
4747388
2860494
1405765
5123612
5268343
6742062
2114402
7777951
4589449
5134928
2232088
2019749
4009563
4958110
3117448
428432
805239
1942389
4551388
6314784
7357784
3388868
1023507
3427798
482029
7857532
4551190
6070456
1455820
4195761
2447189
2144352
1158436
1957620
7702071
5759862
4573587
1053370
763306
6549229
1430477
7915172
1110558
4220355
399959
4598713
1835700
1480203
6630583
2928671
5054846
8086319
6331032
1440345
3940653
668047
1642470
7526526
2090080
7744762
131193
979731
757088
916692
3081223
8257769
409198
601798
8016062
1368043
1157029
2226774
4698830
659184
1618712
354418
7342962
3491076
4025333
6832679
7883087
4947788
1116476
3679652
2464940
1833436
2046367
899243
4451078
1445554
8302110
1187138
3428237
6203827
1654029
440753
3674296
2407281
1970312
5982257
1975590
3633019
4563962
1970008
6668570
469768
2878959
5769684
7802654
5281099
6630083
1820472
127973
6777985
8103601
1465992
916439
1309169
5591038
2156420
1471995
2918659
139925
6195549
4528524
7365682
728112
1078565
2023805
2913705
1794068
1123174
478736
3924541
8270041
957586
391055
7052503
8081350
1674614
2468074
909015
3630443
465672
8230237
3653910
5660434
1152637
8235536
8238450
5535065
1072066
6167682
1390277
5894898
2046097
2110294
5137061
2435655
2948603
2422001
3638113
1906824
5844651
5689702
2468129
1430415
746534
1861307
2932054
433215
2798158
6631241
4531953
1009811
2798145
4317727
1103821
784424
2458114
2870116
6716644
825217
1463145
1058627
4786480
5288734
781469
4862973
7793366
6767232
7415143
3229728
7700006
1852221
6637384
1058602
928993
7418960
673491
1964485
6777548
1364197
7079887
1330365
5824885
909082
2102237
1973330
8139706
1517207
4470179
2107023
617702
7060731
391260
1476789
816574
6815779
2045646
1594639
1638536
931288
1704762
909003
4856896
3934089
127766
5288622
5616262
7446844
3667828
1123086
2886118
7771161
5920284
4470136
963700
1174565
135462
1215433
6131859
7701200
1088856
4720283
5075205
8250606
2112190
3326356
2029183
1570812
1144017
4099393
4550782
1191029
6042349
1598238
1088533
6161376
442684
3207851
916732
3631790
5312025
3793407
2893673
472601
5999715
1420806
1220065
2004810
5677731
1394892
7817022
5890561
3758602
1674817
5300449
5996740
903970
3422672
946535
763309
2223169
4526926
1358795
2026513
1533047
1102611
7793411
1267465
967123
3388256
426227
7007235
1136460
2217052
5166277
4545934
467438
848047
1733079
1033124
376719
5122070
1383171
619756
4196725
894153
997624
1115251
8124362
6195803
128202
3418357
4386492
6710565
3334917
134843
1153902
818129
3411514
2413864
5245719
2319630
1286688
3217900
7797619
7669385
6464332
1370854
997314
528901
6031015
1237942
2212112
5998318
519198
3427814
1010936
7431996
3651868
827970
564140
435230
900964
3587651
7982299
1813333
1224393
7839257
406074
2296428
862693
6821989
330487
2023609
8286437
7412242
3601198
452191
1036452
1319941
5741512
747126
6460972
6599091
7534386
6016278
1980085
2846396
3477324
460701
1041450
4946551
4997045
1420789
2208944
3141007
1846170
5324518
1000010
358391
5803191
1844402
7496169
3618225
2312711
4218053
844222
1430573
1985788
4983051
2445295
3190709
1928317
6778999
3222446
503822
333996
1896451
3422594
1700811
3593732
482521
2397645
2312416
3381958
2187061
2223092
1787938
3077748
965481
6627134
2512039
960676
2347824
5794131
3648963
801236
2382187
829898
3211786
5824836
808192
2720352
3107505
1037663
1107028
2025752
5794141
128490
334229
4993233
3472760
8274087
967933
5655044
7265351
6947551
1674764
2853231
439048
5340766
890211
528893
2043225
471291
1426982
2426827
550473
2329432
813525
809277
2164809
1612379
8089549
7696429
3559408
7967443
3448033
2023538
1136506
1331196
2084049
5426478
3356615
7205388
3224856
3259015
8205735
7774204
1394232
8304687
330546
2810422
4602635
4218182
2398881
889574
2281290
7982253
1409436
4374853
1021842
2396585
451880
1557934
479146
435222
3865831
2186251
6742031
1928412
1340801
3063080
1141672
1461418
1987239
3305665
795029
5399741
1168548
1564015
3991712
799603
1629479
2141857
1949785
774017
2517231
2192901
8292307
2511896
418495
955244
3108424
549456
3995650
5800895
5368308
6982192
1683191
6822128
737269
442124
1203783
6462171
1591633
518827
1582956
5386528
6008310
840031
1632357
2026056
5092957
7700913
133453
2135767
3296085
1389971
1977997
7332560
6877629
3675717
468983
439102
1849896
3386284
2019751
2517175
5291014
6966490
4545279
3098499
139219
3643468
1589822
4260704
2114361
3142445
3083655
1339180
1080978
859085
5803789
6599093
376714
1369570
5137004
354412
1125780
7699185
2026036
7102102
1835380
1058985
2048594
1140693
1036718
7971086
6617490
352353
1833482
5288795
3194477
931073
133006
1582044
1189205
1082634
6797172
7355619
1108868
1106205
3642203
1216460
3460550
440846
1213306
1087575
749673
704578
2811643
1140493
2694499
7547331
1038983
413813
1066708
3947910
4947789
3480269
6479764
1070927
5279471
130656
1472834
653724
1087193
477868
127613
1326676
1238206
4454694
933282
5959533
131194
2841407
1015943
2285695
7435449
1674619
2035380
430831
1147214
3745483
4551283
1472372
1906825
5689705
6402073
776639
2185785
126558
7166843
2913749
3643726
5655427
626567
8207414
2378992
2041999
7360188
1683112
1058601
1964484
794274
5762390
1183771
389611
350263
1973320
4510874
1464783
7067801
2865918
433347
5171810
5819652
1013022
8000180
452553
1135659
4607331
3505868
940007
1143414
374823
6577040
400648
858575
1460802
7575636
621437
6926008
486633
3220576
7793332
5676993
2368278
391293
8255177
7099094
1393423
3270990
2045488
8304114
5437923
7809634
3872166
131029
7982992
3399339
3973962
631264
3088895
119833
5164530
5276776
7007237
1840210
391028
933602
7369972
6548345
7311468
1210747
5619223
2291495
827002
1015338
127465
474175
453032
8106491
751169
7701385
479131
7552574
533492
1744387
982201
7414899
3228627
5416314
3666159
435328
2410704
1892088
2106813
2160611
128038
3846147
1394988
984315
1642782
1174462
827220
1807752
6537840
809946
451812
5279490
1951179
2914442
4430993
1980086
979393
558623
399856
6705499
2424521
7088902
2208913
1709594
1201030
6812535
2035210
1787900
2312722
3695032
532503
7772257
3922814
7091060
1326614
5004234
2433338
2024879
2026518
3422593
1060110
1462308
1838596
1086353
7669341
1786418
3565954
5279596
1449094
3593739
7547210
5119114
8112738
131298
1513538
4206279
803766
1538878
2403417
5312147
3470932
5844707
1593648
6288786
7700394
5369563
2837173
1087650
495013
3679701
4386476
1083707
2513941
7122299
5671394
4269572
551999
3184468
2187111
7974264
1491590
4655433
6376747
5682882
1071686
1404849
5800777
5609986
868739
4585146
2027756
6385356
1295681
7050244
1365540
2808331
3308801
4082904
6464403
3672046
7414856
3998288
1517009
1783634
7414862
7698191
1389258
2286579
963842
7465660
1189374
130261
407568
7701798
7643679
2307755
1131816
133800
6743329
1310987
880883
555224
6548167
5386527
841532
916713
7707614
1091095
3430368
2851091
136639
2046373
354782
1167985
6317944
7801691
6376211
1012966
7701828
1330571
2368261
4718659
1561096
2158195
2768642
1649839
1902586
7774682
3770041
892705
1352936
3265338
905365
7051928
1171003
3446060
429934
1852218
2009603
7336553
5544580
2049831
769302
5391265
7698075
3364251
2201134
5349283
139545
452611
838486
8304743
1533510
2119232
897504
4608014
7697838
1225078
6556155
399340
7528099
480475
3454093
1842497
2447180
8236566
6402072
1166583
6579752
3646523
4533749
2081345
1441117
2596988
1842596
1183799
423575
5227123
500916
7135457
6203483
5647135
1391173
4630851
7801626
374147
4594249
5289394
2283412
456863
7699373
474231
1737714
7699573
1441106
757495
928102
1947490
6905720
1478711
330193
3212502
135138
1475103
7204870
1633138
388617
6186140
4654135
3688743
1080590
490717
1103671
7793131
1301796
1966301
1077992
444723
987176
1223676
2159355
6480077
8189894
2291396
802275
5373548
6776154
1988565
5331650
3272653
7830453
2403167
545815
412517
1216450
1558633
4704552
2486311
4604102
4611239
1692594
1893348
1020557
1454547
1799238
3637608
7196412
1196909
4607347
1413205
5248611
129326
1036976
2151790
1801041
1548821
962299
7562854
6324087
7739756
2948691
4613933
5583788
1523169
3273094
407525
486306
1463142
2801330
916350
5315514
1040329
2859788
5847868
2837722
867790
1281118
559508
2037159
6935883
6032450
3382163
5438516
6465735
3210970
479719
5363335
537702
729095
2164018
4869159
2144734
4374857
3797745
3457666
835025
1973619
5381149
3557615
181619
3378645
2961746
442158
4473586
822824
2902930
6733826
4610106
795439
6572903
3671090
1555847
3138463
5539260
2837764
1186620
3018003
7119716
2104758
2239561
5689693
2044290
4363830
2837866
2074623
5121998
1037642
4924566
2120962
461987
7415004
751201
1334448
5645945
3998295
236257
1405886
3745170
4217673
922517
133552
2799741
7079906
2049478
4470349
6850479
3160678
3706458
6307806
2110090
1332124
3559139
1327382
6549389
1394752
7701231
5105501
5305018
934991
3019286
464016
4401631
2029625
2931916
390177
2731344
964481
7694202
3000362
5887766
5752773
3414978
132600
1601702
1074009
7974280
6877628
2431825
6115257
4214802
567822
427223
2426391
3326470
1910364
1406889
335774
7777953
2428224
6378427
7956632
134796
6560488
548914
2354581
937793
5307297
181920
562457
180797
6367926
806075
1858990
920892
3441986
6820098
433266
803982
1418350
663040
3521041
1802752
1684361
3255805
823766
4467824
533234
3422702
5313744
6072991
1833479
2383418
1498387
3890570
6156585
1116501
389775
3270916
8059941
3642196
2161366
1617495
330479
6307441
7415092
728010
1654068
139631
1931375
3054545
2219516
3309131
1082633
8127245
2163712
3663534
7696207
3761779
1147031
417420
4076917
6460687
1398801
2026502
552488
499069
1505433
5983701
890294
1876624
2026517
1958037
3852151
1429599
4702169
2961721
6724495
4947772
6614259
3657690
2035376
433620
1338555
1709573
4551279
3331560
1974690
1020609
518079
2689189
1049681
1775930
5423811
6971324
4403875
2468071
7743026
2015760
925559
6628471
7938660
134589
1137237
6072723
140119
1055605
577204
1587653
1925490
5803752
751348
4510866
5458148
472047
348697
2045649
1340714
1548569
793990
427516
2003821
1143415
2846784
1968975
139288
1152904
1460805
1722471
412852
980952
823850
2314582
549551
2430685
3893383
1675497
2520679
2026814
6822132
879186
6461305
4993431
571341
8268187
132975
3236159
2429330
3649956
8304113
1982885
6631065
3346977
1977146
3923192
3790502
5394655
132849
1775922
916438
1083263
915431
3646681
7709229
3598671
958561
1198986
6764035
1242584
6710581
986250
129600
3524273
1185994
4925995
8276481
8206240
1340735
1103634
1528748
3174377
1892146
6771990
1438158
3799764
1232600
8008974
4363827
1156997
8106487
2371911
6617802
8231572
129304
889856
6307875
5573148
1269665
1257218
6594922
3666150
1949583
3093093
8051363
4862201
3278808
7158620
5349452
1724920
470370
4765234
134667
5304456
2097549
956286
4199389
4717119
1537778
1183789
920861
1542418
3258745
1947494
1620459
2114362
2445247
5667505
5002492
6827928
1830928
139021
2424531
5919760
1021672
2208911
7744763
1013082
2990770
1275484
662831
963984
1331430
3273282
5986030
2411280
1299410
815603
2312713
1035532
545721
5389939
823844
6792230
2393667
955669
783775
138998
1021640
925192
3555327
1338287
3400491
4543007
1650703
1304725
2196288
809268
6308405
808320
2421253
1053543
1585226
1838593
5951306
8108999
8108991
1275839
1116526
3801908
2048592
1939191
181400
1147008
1229884
3578431
5762317
138720
4431346
354124
794275
716948
1406796
969234
6850352
1942404
4096714
1471927
5833041
5939875
181832
909006
972783
3088738
6629633
6795157
2927702
2597080
1185989
3592643
6308409
1117923
4826974
912065
1390024
7653773
4550851
2131165
528917
3211951
4669432
6098615
2405389
2227739
1194636
2022216
4550057
8237522
2221539
1255648
478669
1411790
7967041
6105673
5656633
4767843
4953031
487353
5466556
525264
5107005
1182857
924258
2407311
181831
1579924
2159402
826815
8222363
2217062
3422515
1727897
129798
6863700
1104835
1040833
558451
130869
127866
1054209
690088
5060116
4607435
1684441
1195302
427393
3457158
7459014
7862699
6480565
6970155
3485757
696301
1020056
5741731
4882955
838228
740015
5241499
2271520
896807
4778089
5939215
3649057
6323061
1091282
934000
4598172
895428
1389601
480105
861548
2269914
585172
478629
7587178
5442208
1947132
1151715
731127
1062276
440752
3320751
3679762
136676
1991039
7099025
130848
4256666
2274063
4551385
395083
1030227
533340
948614
3107565
6741047
1483859
6465932
4759574
4188701
5687682
1578406
6699579
1119774
1352889
8259198
1987238
5801819
6154129
469986
5437285
6966728
4878987
4713457
564916
2060979
749594
1549699
3225665
2312947
1589864
907097
896356
2889847
1088066
8048356
1112399
435947
2918657
332164
1102439
3385462
1472106
3093527
2913723
390184
1794069
4705594
6815432
1445232
2387881
2837788
3653908
1859340
429034
2065430
800191
1735890
5537136
1290193
2422000
6740957
7698309
558532
3598803
1929096
1834746
412306
461552
2411348
893504
611102
4080827
2884684
1030780
2213480
1188888
3229727
1816007
621488
3951775
1032634
4221788
1152918
4841183
1364195
2415798
2223011
1206607
7697979
817702
6818167
5244747
749990
676284
1001596
8029393
2402352
6714582
1166812
5002384
1542301
5962177
1159507
5931497
1532481
6466775
2084156
3473554
6006770
2283155
4543074
439308
838408
1557280
5816560
3036401
1674816
1978233
1907823
1152156
7853456
618420
2337386
5563804
1186235
2837706
7360118
746015
1545003
7968201
5412482
723189
4429462
2567651
2815116
3107539
4949110
6875134
1512058
931078
756791
7793973
1807105
6468786
6872558
1225035
868858
7432017
2393630
4409042
3590706
1189442
2077347
2887568
502631
480020
909054
429907
1532739
1098384
1189406
838424
6392621
1976255
1945623
2392039
6082628
460233
1414540
181717
4218198
4213574
6001078
5389670
131704
1740794
4837966
3348391
6690361
3378647
6324175
2326388
5308662
879985
935125
1983016
2223094
6923806
6814207
6637202
4997016
3288651
1023201
2383422
3165812
7804071
567455
7968911
3648964
6213513
1339901
135336
2382186
7526547
1017202
3357066
6632974
5291319
4961588
3211934
5794145
1405965
2373264
482671
488832
1306814
2465046
747275
5270746
7109003
1709577
2522117
754099
2369964
631563
3521477
3219578
1452221
964496
548906
1628462
549744
2342805
801714
863199
469691
524508
2164808
7702007
577721
562925
1420539
1392245
2058316
5452475
803625
8031107
4563994
3696888
3784839
133069
928799
6545508
7694117
1585229
2019744
1185995
1853257
772200
558487
6098587
4452858
4467720
806100
4594718
8304173
2348330
1539415
5441481
433346
3896916
4218181
6879665
604519
181259
3435547
5677987
6881706
3336000
1242585
805207
4009208
1409439
829662
3545869
2373387
803989
399967
1465994
1557935
3270997
2819796
2037108
1906780
3385467
7265223
2160789
2700747
5961166
3612897
831261
4854436
3660012
993330
438670
3642202
6381071
2942785
6865847
2084357
4920241
2421514
2161368
3271811
1083878
5399740
1564014
808780
570112
3658148
1398927
1460697
2584869
2144349
1049603
6879646
2856726
474221
936399
3676377
1335183
532900
6074016
5290135
3643469
6289621
7723624
1167990
2016439
1805289
1589194
2302553
3249938
8031197
1589898
2373292
4429353
892930
3761780
1031000
1445550
1106201
484771
2991761
6820796
1271671
4957580
3643826
2388886
6851568
1638018
5372832
545719
4344462
5609990
504121
407306
4421286
2163970
5480349
2746069
6486436
1290230
7777974
7881414
1102599
3273263
3852179
2272293
7701797
6724494
5366510
4583309
1995316
473940
6859681
1465995
1969930
6142405
2035364
135730
6119765
1669480
481973
5820637
1733176
1058605
4009118
6966795
1682526
6131355
1059251
379593
4237052
1110242
5761403
3851665
4206283
442017
1935468
1968560
608098
6556121
4564009
1576730
6159613
1723901
526447
1907756
5969706
5569158
7700346
4681907
2533365
3991623
746553
3633093
1077271
2407357
1083709
3662369
2403299
2423785
800420
1117969
7695187
3271432
8080150
7166680
1491514
6545585
1522083
5396387
3654309
964568
1142685
1654881
800193
3381412
3217311
4996141
972041
4993093
1183866
920496
3075525
2307801
2010979
3079866
5814270
4510865
453011
1295678
1220637
1858342
1519930
885258
3261853
1450501
6329670
5645535
1818464
2045645
1472004
425542
4082914
4472027
7071045
1140559
2879625
1371115
3487373
4205574
2896474
3122911
1073658
4062100
2934576
7338274
889588
1460801
2491879
5999476
563838
1061784
430975
135809
7789739
4472726
6959034
7711307
7360257
7697887
8307962
1993835
6460746
829424
7965955
500743
1127435
129131
1485992
7965968
8088488
5416343
1106177
1311860
5306789
1060301
130199
890838
5419871
601653
923455
2979556
969775
2287265
2045493
946329
911938
1102590
4624858
2283337
504070
3386252
7797682
6044623
5378011
3993049
335550
823128
1285083
7289335
7838985
3216771
6881418
1868920
1515861
7562567
3598674
1118124
2158196
569822
845611
7556346
1554054
3357085
6697308
5977487
3265326
6456037
1314432
2412715
8270394
2289262
1302690
1234015
2846319
1540917
4564030
3514588
4669442
1497418
3884358
828717
2837574
3517015
657308
6195607
129466
4711231
5105493
858477
955684
5620108
622922
3749380
716558
1967855
722918
2131551
7255237
3448079
1224725
136275
8106474
3706454
1084335
427078
5977101
5894715
3244274
1526047
2597081
890915
6931989
7050241
1858230
3996481
8212583
499108
1459603
544951
2334372
5528145
1842595
3666124
6716619
5304068
1281804
2287908
3216679
1252627
341196
3043389
2023127
128343
180836
1679436
6382079
6183610
2026197
4706487
119999
3386268
1602819
2809643
2386977
5899363
1134587
5393544
3366829
1542416
1153319
8223613
5242152
4450309
1042519
4555242
459595
6000310
2382416
2097274
4472049
3198816
6695274
2412873
334335
745826
1907992
1803573
2424535
4860554
1752068
895427
330299
1224796
6116776
4731461
2862852
426134
5647796
1715027
1248173
2312717
1083302
4580862
979382
2321805
132602
2597047
7060727
424450
692067
1908111
2661168
1680464
8304821
1331362
749941
6669319
413908
7853374
3432463
1009898
1462879
128068
3364249
6381968
5227613
542334
823837
2129035
1450869
1225961
5586490
1069133
1198883
6443874
1502052
4598163
858994
842161
2887929
1461302
5390943
7696529
3450332
7562855
2343726
4539358
6200256
5393620
5237909
6780221
826076
120132
5663293
5726859
1995817
4878947
649667
5004101
2572904
5491418
2444589
695513
409215
7841043
130864
128382
132135
4926082
1257375
1538545
2164017
1497573
4869160
1521732
5608117
1892164
2810970
6938920
1071055
463995
7093154
2208939
936016
1394611
4247789
2902941
5583790
4843677
1324119
1313897
3271086
3448042
457498
7702295
1295493
3946213
6716696
1981658
7903951
2104759
766378
964750
1074861
1982729
5764656
3362998
979383
2092727
7083587
2928659
4164845
427388
1527630
1811598
6400107
7886614
393858
3224823
3745173
4217677
1171567
1247553
3000404
7700487
4470858
4592686
6465728
4837976
1257364
3093601
7072081
7280584
334745
4043717
4299304
1394753
2837740
465315
1423903
3421786
2031133
2888029
1462329
4563165
3246839
5354000
2403502
833856
925416
1121433
2396643
6983368
3423898
2431813
1119536
6115249
4851139
6006557
3388228
5430785
1546215
525835
2426745
1053566
7910385
1111529
2062526
2251560
7411651
129286
7891674
3846190
8158894
332354
6229779
2847078
1072854
2093636
2417578
3644902
5368348
2430058
1085028
7547477
7686352
1306249
339083
540844
6736864
2412809
1767880
1159567
971215
1316633
8196874
1775067
541789
826636
1709593
2065511
2223041
1450062
1414523
1589894
6376273
7581875
1650287
5654399
3257670
2792194
5641882
6309655
6171710
831263
787662
5706363
7938872
1083821
6704595
7242696
6688315
5591409
4867345
1167987
1301021
2519027
469697
398427
6948083
7482749
6912388
946599
5997363
2887846
6121135
4685287
523340
480864
135653
1683115
3599186
432407
1452220
7528602
1614393
3143297
135394
815122
1337242
911922
7275260
3642173
486705
1845900
3940659
3548587
4542097
1594180
6879645
7668940
1965517
984497
128335
6705147
2001428
3465019
7697889
1204653
8206087
2041167
794304
1812854
1194558
4997021
1303333
1465491
3991613
4923865
7725089
1201366
130602
1426991
351173
1109719
2285630
7499048
5368337
1915207
6137279
2035226
3759104
1669482
5156844
846147
822288
5369524
1450137
4281894
7700790
586532
1693081
3320728
7853474
2089062
2433750
4410857
6573074
991107
7726813
7801737
5369850
839056
2407358
2118726
6383128
7107256
2837907
425457
428113
4510864
374822
1284849
4694555
1939006
4716344
808944
7014636
2807250
7802682
6179231
4779700
3271011
786616
7811494
3381934
8064903
5239685
1395295
7044188
2509078
541184
4505419
429317
6374672
5803012
5205501
551987
1838587
709960
4306539
1311859
1257219
7151070
4827096
7354334
1314452
732763
6772117
7060840
5959712
3259255
576030
6861644
7745808
1084239
6061824
747338
1982382
6378232
958046
944828
3691407
882302
4920716
4961541
4085000
6572914
7311464
3308945
589453
1450118
3292596
399338
1670850
1226563
136229
7557821
750713
892781
7955722
2102238
3206418
4658987
335817
3598839
6697950
1314775
1133973
6452595
8158907
3249616
4058838
3081130
2216251
1842472
5294364
2412708
3900503
5431751
6537842
3573446
1542420
575134
5267301
2914487
2089350
444057
7339543
646642
4076248
1196762
129165
726999
7414769
1436847
4374876
7610079
4855480
2035221
3644751
939996
2312721
3565992
1602071
1101381
3320790
7119764
2382216
5342660
6073066
5361912
5304884
2846259
488004
1643886
390073
3746082
6960035
5423812
1461397
7120187
1392246
1709592
344268
1414528
1770769
6902018
7784037
6712305
3658196
6205054
1633446
1523264
1906782
5434810
982460
7610081
1195474
5582622
2430899
1662692
1452135
1836520
5662076
461618
1167988
8096508
5361958
926844
3388250
7700373
2878643
6382032
1744403
6080579
930567
1052065
3269046
5603500
1209966
2032453
3224943
3341262
972081
5661685
7740279
1033766
1356912
993309
646383
4265951
1012877
341332
1605527
1144383
3464993
1092084
984642
4767897
129697
2024451
5844593
2228834
2842145
7881408
2213259
8111686
417512
723197
2019249
835898
1452219
5762356
933562
909047
378711
3138534
1536450
2596953
2572909
129066
6458715
6850354
7427373
6993151
1198575
1930710
4214060
1111772
8022642
470065
7419882
1612394
1049913
1038178
7698377
970076
1419960
3084012
5437466
4206273
393229
1905026
2928652
1046051
788007
134946
2597082
1662767
7248227
2224122
6328255
1224800
7801624
3406663
5759889
2159392
1056253
4739394
2829523
465052
7693737
426610
1083706
6203883
1081226
2860329
6054484
5683115
671923
5002497
706754
6736821
2136776
6460741
3457655
2147638
1460836
1312650
2036107
928966
4626123
2568857
4852312
4472733
3092860
1437228
7528037
833184
1106800
364302
6881701
1036725
7786118
120059
8059938
1080021
7644767
373912
2497648
693697
5230584
2221527
865028
5909208
809733
811330
541803
1004945
4082916
119903
2345821
1663793
3938371
927332
4611190
1823679
1177980
3925914
539428
2799557
4880338
1893134
1035522
657658
5279558
5599991
453544
7982880
8230535
1389252
6467696
899225
797736
1540302
7091054
1111494
6926709
6949114
6574301
1144741
2407329
181011
1427338
6372580
1364054
794556
1993833
8158207
1819355
5574623
6966837
979849
626884
1727892
391083
3259673
976808
6777554
7090934
2314252
1670993
2175539
2002384
1706431
3665352
1844446
5962222
5939104
6195231
1022034
1107141
5854298
4220283
3294861
1957753
7699583
2837859
1399275
1533949
4465191
1078370
495865
1182837
946324
1050173
2195868
7844991
1742163
921348
3640579
813230
2285566
4956396
455358
1864215
749800
2035501
4784060
1156937
3770040
931619
1709586
3924248
1462198
1964441
478620
1634367
6841205
1576412
7647341
1538879
3224514
6548286
1663995
2931777
6176361
452168
1711806
7784051
2323715
751154
549462
120086
1021829
1936719
792932
7848758
4608012
1732980
1594125
801663
1348518
2269912
936162
4535557
8106482
3249724
